,,Temp,Hi,Low,Out,Dew,Wind,Wind,Wind,Hi,Hi,Wind,Heat,THW,,,Rain,Heat,Cool,In ,In,In ,In ,In ,In Air,Wind,Wind,ISS ,Arc.,,,,,,,,,,hi temp - C,low temp - C ,temp out - C ,in temp - C ,out dew pt. - C ,,wind chill,heat,thw
Date,Time,Out,Temp,Temp,Hum,Pt.,Speed,Dir,Run,Speed,Dir,Chill,Index,Index,Bar  ,Rain,Rate,D-D ,D-D ,Temp,Hum,Dew,Heat,EMC,Density,Samp,Tx ,Recept,Int.,,,,,,,,,,40.8,40.6,40.6,62.5,37.6,,40.6,40.5,40.5
2/1/22,12:30 AM,4.777777778,4.888888889,4.777777778,89,3.111111111,0,S,0,0.4,S,4.777777778,4.722222222,4.722222222,1028.5,0,0,0.508,0,16.94444444,56,46.6,61.1,10.45,0.0763,665,3,100,30,,,,,,,,,,40.6,40.6,40.6,62.3,37.6,,40.6,40.5,40.5
2/1/22,1:00 AM,4.777777778,4.777777778,4.777777778,89,3.111111111,0,S,0,0.9,S,4.777777778,4.722222222,4.722222222,1028.4,0,0,0.508,0,16.83333333,56,46.4,60.9,10.45,0.0764,670,3,100,30,,,,,,,,,,40.7,40.5,40.5,62.5,37.5,,40.5,40.4,40.4
2/1/22,1:30 AM,4.722222222,4.833333333,4.722222222,89,3.055555556,0,S,0,0.4,S,4.722222222,4.666666667,4.666666667,1027.7,0,0,0.51,0,16.94444444,55,46.1,61,10.25,0.0763,663,3,100,30,,,,,,,,,,40.5,40,40,62.5,37.3,,40,39.9,39.9
2/1/22,2:00 AM,4.444444444,4.722222222,4.444444444,90,2.944444444,0,S,0,0.9,S,4.444444444,4.388888889,4.388888889,1027.7,0,0,0.521,0,16.94444444,55,46.1,61,10.25,0.0763,666,3,100,30,,,,,,,,,,40,39.7,39.7,62.2,37,,39.7,39.6,39.6
2/1/22,2:30 AM,4.277777778,4.444444444,4.277777778,90,2.777777778,0,S,0,0.4,S,4.277777778,4.222222222,4.222222222,1028.1,0,0,0.527,0,16.77777778,54,45.3,60.6,10.15,0.0764,668,3,100,30,,,,,,,,,,39.7,39.6,39.7,62.5,37,,39.7,39.6,39.6
2/1/22,3:00 AM,4.277777778,4.277777778,4.222222222,90,2.777777778,0,S,0,0.9,S,4.277777778,4.222222222,4.222222222,1027.5,0,0,0.527,0,16.94444444,54,45.6,61,10.15,0.0763,667,3,100,30,,,,,,,,,,40,39.7,40,62.4,36.7,,40,39.9,39.9
2/1/22,3:30 AM,4.444444444,4.444444444,4.277777778,88,2.611111111,0,SSE,0,1.3,SSE,4.444444444,4.388888889,4.388888889,1027.6,0,0,0.521,0,16.88888889,53,45,60.8,9.95,0.0763,666,3,100,30,,,,,,,,,,40,39.9,39.9,62.3,36.6,,39.9,39.8,39.8
2/1/22,4:00 AM,4.388888889,4.444444444,4.388888889,88,2.555555556,0,SSE,0,0.9,SSE,4.388888889,4.333333333,4.333333333,1027.5,0,0,0.523,0,16.83333333,53,44.9,60.7,9.95,0.0763,664,3,100,30,,,,,,,,,,39.9,39.8,39.8,62.5,36.5,,39.8,39.7,39.7
2/1/22,4:30 AM,4.333333333,4.388888889,4.333333333,88,2.5,0,SSE,0,0.9,S,4.333333333,4.277777778,4.277777778,1027.7,0,0,0.525,0,16.94444444,53,45.1,60.9,9.95,0.0763,667,3,100,30,,,,,,,,,,39.8,39.6,39.6,62.3,36.3,,39.6,39.5,39.5
2/1/22,5:00 AM,4.222222222,4.333333333,4.222222222,88,2.388888889,0,S,0,0.4,SSE,4.222222222,4.166666667,4.166666667,1027.7,0,0,0.529,0,16.83333333,53,44.9,60.7,9.95,0.0764,666,3,100,30,,,,,,,,,,39.6,39,39,62.4,36,,39,38.9,38.9
2/1/22,5:30 AM,3.888888889,4.222222222,3.888888889,89,2.222222222,0,SSW,0,0.4,S,3.888888889,3.833333333,3.833333333,1027.6,0,0,0.542,0,16.88888889,53,45,60.8,9.95,0.0763,668,3,100,30,,,,,,,,,,39,37.8,37.8,62.4,35.1,,37.8,37.7,37.7
2/1/22,6:00 AM,3.222222222,3.888888889,3.222222222,90,1.722222222,0,WSW,0,0.9,S,3.222222222,3.166666667,3.166666667,1027.7,0,0,0.567,0,16.88888889,52,44.5,60.7,9.75,0.0763,668,3,100,30,,,,,,,,,,37.7,37.1,37.1,62.4,34.7,,37.1,37,37
2/1/22,6:30 AM,2.833333333,3.166666667,2.833333333,91,1.5,0,SW,0,0.9,S,2.833333333,2.777777778,2.777777778,1027.8,0,0,0.581,0,16.88888889,52,44.5,60.7,9.75,0.0764,665,3,100,30,,,,,,,,,,37.1,36.8,36.9,62.2,34.8,,36.9,36.8,36.8
2/1/22,7:00 AM,2.722222222,2.833333333,2.666666667,92,1.555555556,0,S,0,0.4,S,2.722222222,2.666666667,2.666666667,1027.8,0,0,0.585,0,16.77777778,52,44.3,60.5,9.75,0.0764,666,3,100,30,,,,,,,,,,36.9,36.5,36.7,62.4,34.9,,36.7,36.7,36.7
2/1/22,7:30 AM,2.611111111,2.722222222,2.5,93,1.611111111,0,S,0,0.9,S,2.611111111,2.611111111,2.611111111,1027.8,0,0,0.59,0,16.88888889,52,44.5,60.7,9.75,0.0764,669,3,100,30,,,,,,,,,,36.7,36.3,36.3,62.5,34.2,,36.3,36.2,36.2
2/1/22,8:00 AM,2.388888889,2.611111111,2.388888889,92,1.222222222,0,SSE,0,0.4,S,2.388888889,2.333333333,2.333333333,1028.1,0,0,0.598,0,16.94444444,53,45.1,60.9,9.95,0.0764,667,3,100,30,,,,,,,,,,36.3,35.9,36.1,62.6,34.5,,36.1,36.1,36.1
2/1/22,8:30 AM,2.277777778,2.388888889,2.166666667,94,1.388888889,0,SSE,0,0.9,S,2.277777778,2.277777778,2.277777778,1028.1,0,0,0.602,0,17,54,45.7,61.1,10.15,0.0763,667,3,100,30,,,,,,,,,,38.6,36.1,38.6,62.8,36.5,,38.6,38.5,38.5
2/1/22,9:00 AM,3.666666667,3.666666667,2.277777778,92,2.5,0,NW,0,0.4,NW,3.666666667,3.611111111,3.611111111,1028.1,0,0,0.55,0,17.11111111,52,44.9,61.1,9.75,0.0763,667,3,100,30,,,,,,,,,,42.4,38.6,42.4,62.5,37.9,,42.4,42.2,42.2
2/1/22,9:30 AM,5.777777778,5.777777778,3.666666667,84,3.277777778,0,SW,0,0.9,WSW,5.777777778,5.666666667,5.666666667,1028.1,0,0,0.471,0,16.94444444,51,44.1,60.7,9.6,0.0764,666,3,100,30,,,,,,,,,,43.7,42.5,43.7,62.5,37.3,,43.7,43.4,43.4
2/1/22,10:00 AM,6.5,6.5,5.833333333,78,2.944444444,0,SSW,0,0.9,SSW,6.5,6.333333333,6.333333333,1028.3,0,0,0.444,0,16.94444444,51,44.1,60.7,9.6,0.0764,666,3,100,30,,,,,,,,,,44.8,43.7,44.5,62.5,37.7,,44.5,44.2,44.2
2/1/22,10:30 AM,6.944444444,7.111111111,6.5,77,3.166666667,0,SW,0,0.9,SW,6.944444444,6.777777778,6.777777778,1028.4,0,0,0.427,0,16.94444444,52,44.6,60.8,9.75,0.0764,668,3,100,30,,,,,,,,,,44.5,44.1,44.2,62.7,36.8,,44.2,43.8,43.8
2/1/22,11:00 AM,6.777777778,6.944444444,6.722222222,75,2.666666667,0.4,NE,0.8,1.3,N,6.777777778,6.555555556,6.555555556,1028.4,0,0,0.433,0,17.05555556,51,44.3,60.9,9.6,0.0764,665,3,100,30,,,,,,,,,,45.1,44.2,45.1,62.7,35.5,,45.1,44.6,44.6
2/1/22,11:30 AM,7.277777778,7.277777778,6.777777778,69,1.944444444,0.4,NNE,0.8,1.3,NNE,7.277777778,7,7,1028.3,0,0,0.415,0,17.05555556,51,44.3,60.9,9.6,0.0764,665,3,100,30,,,,,,,,,,45.1,44.7,44.7,62.6,34.4,,44.7,44.1,44.1
2/1/22,12:00 PM,7.055555556,7.277777778,7.055555556,67,1.333333333,0,NW,0,1.3,NW,7.055555556,6.722222222,6.722222222,1028.1,0,0,0.423,0,17,50,43.7,60.7,9.4,0.0764,663,3,100,30,,,,,,,,,,44.7,44.2,44.2,62.3,35,,44.2,43.7,43.7
2/1/22,12:30 PM,6.777777778,7.055555556,6.777777778,70,1.666666667,0.4,NW,0.8,1.8,NNW,6.777777778,6.5,6.5,1027.8,0,0,0.433,0,16.83333333,48,42.3,60.2,9.06,0.0764,668,3,100,30,,,,,,,,,,44.3,44.2,44.2,62.3,36.4,,44.2,43.8,43.8
2/1/22,1:00 PM,6.777777778,6.833333333,6.777777778,74,2.444444444,0,NW,0,0.9,NW,6.777777778,6.555555556,6.555555556,1027.7,0,0,0.433,0,16.83333333,49,42.9,60.3,9.26,0.0764,665,3,100,30,,,,,,,,,,44.5,44.1,44.5,62.6,36,,44.5,44,44
2/1/22,1:30 PM,6.944444444,6.944444444,6.722222222,72,2.222222222,0,NW,0,0.9,NW,6.944444444,6.666666667,6.666666667,1027.7,0,0,0.427,0,17,50,43.7,60.7,9.4,0.0763,669,3,100,30,,,,,,,,,,45.1,44.5,45.1,62.4,35.5,,45.1,44.6,44.6
2/1/22,2:00 PM,7.277777778,7.277777778,6.944444444,69,1.944444444,0,NW,0,1.3,NW,7.277777778,7,7,1027.4,0,0,0.415,0,16.88888889,50,43.5,60.5,9.4,0.0764,667,3,100,30,,,,,,,,,,45.1,45,45.1,62.7,35.9,,45.1,44.6,44.6
2/1/22,2:30 PM,7.277777778,7.277777778,7.222222222,70,2.166666667,0,NW,0,0.9,NNW,7.277777778,7,7,1027.5,0,0,0.415,0,17.05555556,50,43.8,60.8,9.4,0.0763,664,3,100,30,,,,,,,,,,45.2,45.1,45.1,62.6,34,,45.1,44.4,44.4
2/1/22,3:00 PM,7.277777778,7.333333333,7.277777778,65,1.111111111,0,NNW,0,0.9,NNW,7.277777778,6.888888889,6.888888889,1027.4,0,0,0.415,0,17,52,44.7,60.9,9.75,0.0763,664,3,100,30,,,,,,,,,,45.2,44.9,45.1,62.9,34,,45.1,44.4,44.4
2/1/22,3:30 PM,7.277777778,7.333333333,7.166666667,65,1.111111111,0.4,NNW,0.8,1.3,NE,7.277777778,6.888888889,6.888888889,1027.5,0,0,0.415,0,17.16666667,51,44.5,61.1,9.59,0.0763,666,3,100,30,,,,,,,,,,45.1,44.6,44.6,63,33.6,,44.6,43.9,43.9
2/1/22,4:00 PM,7,7.277777778,7,65,0.888888889,0,NNW,0,1.3,N,7,6.611111111,6.611111111,1027.5,0,0,0.425,0,17.22222222,49,43.5,61,9.23,0.0763,661,3,100,30,,,,,,,,,,44.6,43.1,43.1,62.9,35.7,,43.1,42.7,42.7
2/1/22,4:30 PM,6.166666667,7,6.166666667,75,2.055555556,0,N,0,1.8,NW,6.166666667,5.944444444,5.944444444,1027.7,0,0,0.456,0,17.16666667,48,42.9,60.8,9.03,0.0763,666,3,100,30,,,,,,,,,,43.1,41.9,41.9,63,36.5,,41.9,41.6,41.6
2/1/22,5:00 PM,5.5,6.166666667,5.5,81,2.5,0,N,0,0.4,N,5.5,5.333333333,5.333333333,1027.7,0,0,0.481,0,17.22222222,46,41.9,60.8,8.73,0.0763,665,3,100,30,,,,,,,,,,41.9,40.9,40.9,63.3,36.1,,40.9,40.7,40.7
2/1/22,5:30 PM,4.944444444,5.5,4.944444444,83,2.277777778,0,---,0,0,---,4.944444444,4.833333333,4.833333333,1027.8,0,0,0.502,0,17.38888889,46,42.2,61.1,8.72,0.0763,661,3,100,30,,,,,,,,,,40.9,40.1,40.1,63.3,36.2,,40.1,39.9,39.9
2/1/22,6:00 PM,4.5,4.944444444,4.5,86,2.333333333,0,N,0,0.4,N,4.5,4.388888889,4.388888889,1027.9,0,0,0.519,0,17.38888889,47,42.7,61.2,8.88,0.0763,664,3,100,30,,,,,,,,,,40.1,39.4,39.4,63,36.1,,39.4,39.3,39.3
2/1/22,6:30 PM,4.111111111,4.5,4.111111111,88,2.277777778,0,---,0,0,---,4.111111111,4.055555556,4.055555556,1027.8,0,0,0.533,0,17.22222222,46,41.9,60.8,8.73,0.0763,666,3,100,30,,,,,,,,,,39.4,39.1,39.2,63.4,35.7,,39.2,39,39
2/1/22,7:00 PM,4,4.111111111,3.944444444,87,2.055555556,0,NE,0,0.9,N,4,3.888888889,3.888888889,1028.1,0,0,0.537,0,17.44444444,47,42.8,61.3,8.88,0.0763,665,3,100,30,,,,,,,,,,39.5,38.8,38.8,63.4,35.3,,38.8,38.6,38.6
2/1/22,7:30 PM,3.777777778,4.166666667,3.777777778,87,1.833333333,0.4,NNW,0.8,1.8,NNW,3.777777778,3.666666667,3.666666667,1028.3,0,0,0.546,0,17.44444444,48,43.4,61.4,9.01,0.0763,667,3,100,30,,,,,,,,,,38.8,38,38,63,35.3,,38,37.9,37.9
2/1/22,8:00 PM,3.333333333,3.777777778,3.333333333,90,1.833333333,0,E,0,0.4,E,3.333333333,3.277777778,3.277777778,1028.4,0.25,0,0.563,0,17.22222222,49,43.5,61,9.23,0.0763,665,3,100,30,,,,,,,,,,38,37.8,37.8,62.7,35.1,,37.8,37.7,37.7
2/1/22,8:30 PM,3.222222222,3.333333333,3.222222222,90,1.722222222,0,ESE,0,1.8,SSE,3.222222222,3.166666667,3.166666667,1028.3,0,0,0.567,0,17.05555556,50,43.8,60.8,9.4,0.0764,663,3,100,30,,,,,,,,,,37.8,37.1,37.1,62.8,34.7,,37.1,37,37
2/1/22,9:00 PM,2.833333333,3.222222222,2.833333333,91,1.5,0,ESE,0,0.4,ESE,2.833333333,2.777777778,2.777777778,1029,0.25,0,0.581,0,17.11111111,54,45.9,61.3,10.15,0.0763,665,3,100,30,,,,,,,,,,37.4,37,37.4,62.6,35.6,,37.4,37.4,37.4
2/1/22,9:30 PM,3,3,2.777777778,93,2,0,ESE,0,0.9,ESE,3,3,3,1029.2,0,0,0.575,0,17,52,44.7,60.9,9.75,0.0764,663,3,100,30,,,,,,,,,,37.6,37.4,37.5,62.7,35.7,,37.5,37.5,37.5
2/1/22,10:00 PM,3.055555556,3.111111111,3,93,2.055555556,0,NNW,0,1.3,NNE,3.055555556,3.055555556,3.055555556,1029.6,1.02,8.1,0.573,0,17.05555556,51,44.3,60.9,9.6,0.0765,666,3,100,30,,,,,,,,,,37.5,37.1,37.1,62.6,35,,37.1,37,37
2/1/22,10:30 PM,2.833333333,3.055555556,2.833333333,92,1.666666667,0,S,0,1.3,S,2.833333333,2.777777778,2.777777778,1029.6,0.25,2,0.581,0,17,52,44.7,60.9,9.75,0.0765,661,3,100,30,,,,,,,,,,37.1,36.5,36.5,62.4,34.4,,36.5,36.4,36.4
2/1/22,11:00 PM,2.5,2.833333333,2.5,92,1.333333333,0,---,0,0,---,2.5,2.444444444,2.444444444,1029.7,0,0,0.594,0,16.88888889,53,45,60.8,9.95,0.0765,657,3,100,30,,,,,,,,,,36.5,35.9,35.9,62.3,34.1,,35.9,35.9,35.9
2/1/22,11:30 PM,2.166666667,2.5,2.166666667,93,1.166666667,0,---,0,0,---,2.166666667,2.166666667,2.166666667,1029.4,0,0,0.606,0,16.83333333,53,44.9,60.7,9.95,0.0765,664,3,100,30,,,,,,,,,,35.9,35.4,35.4,62.2,33.8,,35.4,35.4,35.4
2/2/22,12:00 AM,1.888888889,2.166666667,1.888888889,94,1,0,---,0,0,---,1.888888889,1.888888889,1.888888889,1029.8,0,0,0.617,0,16.77777778,53,44.9,60.6,9.95,0.0765,667,3,100,30,,,,,,,,,,35.5,35,35,62.1,33.4,,35,35,35
2/2/22,12:30 AM,1.666666667,1.944444444,1.666666667,94,0.777777778,0,---,0,0,---,1.666666667,1.666666667,1.666666667,1029.7,0,0,0.625,0,16.72222222,57,46.7,60.7,10.59,0.0765,668,3,100,30,,,,,,,,,,35,34.2,34.2,62.1,32.9,,34.2,34.1,34.1
2/2/22,1:00 AM,1.222222222,1.666666667,1.222222222,95,0.5,0,---,0,0,---,1.222222222,1.166666667,1.166666667,1029.5,0,0,0.642,0,16.72222222,56,46.2,60.7,10.45,0.0765,668,3,100,30,,,,,,,,,,34.6,34.2,34.6,62.1,33.3,,34.6,34.6,34.6
2/2/22,1:30 AM,1.444444444,1.444444444,1.222222222,95,0.722222222,0,---,0,0,---,1.444444444,1.444444444,1.444444444,1029.7,0,0,0.633,0,16.72222222,55,45.7,60.6,10.25,0.0765,667,3,100,30,,,,,,,,,,34.7,34.4,34.4,61.9,33.1,,34.4,34.3,34.3
2/2/22,2:00 AM,1.333333333,1.5,1.333333333,95,0.611111111,0,---,0,0,---,1.333333333,1.277777778,1.277777778,1030,0,0,0.637,0,16.61111111,54,45.1,60.3,10.15,0.0766,670,3,100,30,,,,,,,,,,34.4,34.1,34.1,62.1,32.8,,34.1,34,34
2/2/22,2:30 AM,1.166666667,1.333333333,1.166666667,95,0.444444444,0,S,0,0.4,S,1.166666667,1.111111111,1.111111111,1030.4,0,0,0.644,0,16.72222222,53,44.8,60.4,9.95,0.0766,666,3,100,30,,,,,,,,,,34.1,33.4,33.4,61.9,32.1,,33.4,33.3,33.3
2/2/22,3:00 AM,0.777777778,1.166666667,0.777777778,95,0.055555556,0,---,0,0,---,0.777777778,0.722222222,0.722222222,1030.4,0,0,0.658,0,16.61111111,53,44.6,60.2,9.95,0.0766,668,3,100,30,,,,,,,,,,33.4,33.2,33.3,62.1,32.3,,33.3,33.2,33.2
2/2/22,3:30 AM,0.722222222,0.777777778,0.666666667,96,0.166666667,0,---,0,0,---,0.722222222,0.666666667,0.666666667,1030.4,0,0,0.66,0,16.72222222,52,44.3,60.4,9.75,0.0766,665,3,100,30,,,,,,,,,,33.4,33.2,33.3,62.1,32.3,,33.3,33.2,33.2
2/2/22,4:00 AM,0.722222222,0.777777778,0.666666667,96,0.166666667,0,---,0,0,---,0.722222222,0.666666667,0.666666667,1030,0,0,0.66,0,16.72222222,52,44.3,60.4,9.75,0.0766,666,3,100,30,,,,,,,,,,33.7,33.2,33.7,62.2,32.7,,33.7,33.6,33.6
2/2/22,4:30 AM,0.944444444,0.944444444,0.666666667,96,0.388888889,0,S,0,0.4,S,0.944444444,0.888888889,0.888888889,1030.4,0,0,0.652,0,16.77777778,51,43.8,60.4,9.61,0.0766,668,3,100,30,,,,,,,,,,34.5,33.7,34.5,62.1,33.5,,34.5,34.5,34.5
2/2/22,5:00 AM,1.388888889,1.388888889,0.944444444,96,0.833333333,0,S,0,0.4,S,1.388888889,1.388888889,1.388888889,1030.3,0,0,0.635,0,16.72222222,51,43.7,60.3,9.61,0.0766,663,3,100,30,,,,,,,,,,35.4,34.5,35.4,62.1,34.6,,35.4,35.4,35.4
2/2/22,5:30 AM,1.888888889,1.888888889,1.388888889,97,1.444444444,0,N,0,1.3,NE,1.888888889,1.888888889,1.888888889,1030.2,0,0,0.617,0,16.72222222,51,43.7,60.3,9.61,0.0766,668,3,100,30,,,,,,,,,,35.4,35.3,35.3,62.2,34.3,,35.3,35.3,35.3
2/2/22,6:00 AM,1.833333333,1.888888889,1.833333333,96,1.277777778,0,E,0,0.9,E,1.833333333,1.833333333,1.833333333,1030,0,0,0.619,0,16.77777778,50,43.3,60.3,9.41,0.0766,664,3,100,30,,,,,,,,,,35.3,35.2,35.2,62.1,34.2,,35.2,35.2,35.2
2/2/22,6:30 AM,1.777777778,1.833333333,1.777777778,96,1.222222222,0,E,0,0.9,E,1.777777778,1.777777778,1.777777778,1030.2,0,0,0.621,0,16.72222222,50,43.2,60.2,9.41,0.0766,666,3,100,30,,,,,,,,,,35.3,35.2,35.2,62.2,34.2,,35.2,35.2,35.2
2/2/22,7:00 AM,1.777777778,1.833333333,1.777777778,96,1.222222222,0,E,0,0.4,E,1.777777778,1.777777778,1.777777778,1029.8,0,0,0.621,0,16.77777778,50,43.3,60.3,9.41,0.0766,667,3,100,30,,,,,,,,,,35.2,35.1,35.2,62.2,34.2,,35.2,35.2,35.2
2/2/22,7:30 AM,1.777777778,1.777777778,1.722222222,96,1.222222222,0,E,0,0.4,E,1.777777778,1.777777778,1.777777778,1029.8,0,0,0.621,0,16.77777778,50,43.3,60.3,9.41,0.0766,661,3,100,30,,,,,,,,,,35.3,35.2,35.3,62,34.3,,35.3,35.3,35.3
2/2/22,8:00 AM,1.833333333,1.833333333,1.777777778,96,1.277777778,0,E,0,0.4,E,1.833333333,1.833333333,1.833333333,1029.9,0,0,0.619,0,16.66666667,49,42.6,60,9.27,0.0766,669,3,100,30,,,,,,,,,,35.7,35.3,35.7,62.3,34.7,,35.7,35.7,35.7
2/2/22,8:30 AM,2.055555556,2.055555556,1.833333333,96,1.5,0,E,0,0.4,E,2.055555556,2.055555556,2.055555556,1030.4,0,0,0.61,0,16.83333333,51,43.9,60.5,9.6,0.0766,664,3,100,30,,,,,,,,,,36,35.7,36,62.2,35,,36,36,36
2/2/22,9:00 AM,2.222222222,2.222222222,2.055555556,96,1.666666667,0,E,0,0.9,E,2.222222222,2.222222222,2.222222222,1029.9,0,0,0.604,0,16.77777778,51,43.8,60.4,9.61,0.0766,666,3,100,30,,,,,,,,,,36.2,36,36.2,62,34.9,,36.2,36.2,36.2
2/2/22,9:30 AM,2.333333333,2.333333333,2.222222222,95,1.611111111,0,S,0,1.3,SE,2.333333333,2.333333333,2.333333333,1030.1,0,0,0.6,0,16.66666667,50,43.1,60.1,9.41,0.0766,665,3,100,30,,,,,,,,,,36.8,36.2,36.8,62.1,35.2,,36.8,36.8,36.8
2/2/22,10:00 AM,2.666666667,2.666666667,2.333333333,94,1.777777778,0,SE,0,1.3,ENE,2.666666667,2.666666667,2.666666667,1029.8,0,0,0.588,0,16.72222222,50,43.2,60.2,9.41,0.0766,665,3,100,30,,,,,,,,,,38,36.8,38,62,36.2,,38,38,38
2/2/22,10:30 AM,3.333333333,3.333333333,2.666666667,93,2.333333333,0.4,S,0.8,1.8,SSE,3.333333333,3.333333333,3.333333333,1029.8,0,0,0.563,0,16.66666667,50,43.1,60.1,9.41,0.0766,664,3,100,30,,,,,,,,,,38.8,38,38.8,62.1,36.1,,38.8,38.7,38.7
2/2/22,11:00 AM,3.777777778,3.777777778,3.333333333,90,2.277777778,0.4,SE,0.8,2.2,S,3.777777778,3.722222222,3.722222222,1029.7,0,0,0.546,0,16.72222222,50,43.2,60.2,9.41,0.0766,666,3,100,30,,,,,,,,,,39.8,38.8,39.8,62.1,36.2,,39.8,39.6,39.6
2/2/22,11:30 AM,4.333333333,4.333333333,3.777777778,87,2.333333333,0.4,SE,0.8,2.2,SSE,4.333333333,4.222222222,4.222222222,1029.4,0,0,0.525,0,16.72222222,50,43.2,60.2,9.41,0.0766,666,3,100,30,,,,,,,,,,40.1,39.8,40.1,62.1,36,,39.9,39.9,39.7
2/2/22,12:00 PM,4.5,4.5,4.333333333,85,2.222222222,0.9,SE,1.61,2.2,S,4.388888889,4.388888889,4.277777778,1028.9,0,0,0.519,0,16.72222222,50,43.2,60.2,9.41,0.0765,667,3,100,30,,,,,,,,,,40.2,39.8,39.8,62.2,35.1,,39.8,39.6,39.6
2/2/22,12:30 PM,4.333333333,4.555555556,4.333333333,83,1.722222222,0.4,SSE,0.8,1.8,SSE,4.333333333,4.222222222,4.222222222,1028.9,0,0,0.525,0,16.77777778,51,43.8,60.4,9.61,0.0765,669,3,100,30,,,,,,,,,,40,39.8,40,62,34.6,,39.8,39.7,39.5
2/2/22,1:00 PM,4.444444444,4.444444444,4.333333333,81,1.444444444,0.9,SE,1.61,2.2,S,4.333333333,4.277777778,4.166666667,1028.3,0,0,0.521,0,16.66666667,51,43.7,60.2,9.61,0.0765,668,3,100,30,,,,,,,,,,40.9,40,40.9,62.3,35.2,,40.9,40.6,40.6
2/2/22,1:30 PM,4.944444444,4.944444444,4.444444444,80,1.777777778,0.4,SE,0.8,2.2,ENE,4.944444444,4.777777778,4.777777778,1027.8,0,0,0.502,0,16.83333333,50,43.4,60.4,9.4,0.0764,660,3,100,30,,,,,,,,,,41.4,40.9,41.4,62.5,35.7,,41.4,41.1,41.1
2/2/22,2:00 PM,5.222222222,5.222222222,4.944444444,80,2.055555556,0.4,ESE,0.8,2.2,S,5.222222222,5.055555556,5.055555556,1027.5,0,0,0.492,0,16.94444444,49,43.1,60.5,9.25,0.0764,659,3,100,30,,,,,,,,,,41.9,41.4,41.8,62.4,36.1,,41.8,41.5,41.5
2/2/22,2:30 PM,5.444444444,5.5,5.222222222,80,2.277777778,0.4,SSE,0.8,2.7,E,5.444444444,5.277777778,5.277777778,1026.8,0,0,0.483,0,16.88888889,49,43,60.4,9.25,0.0763,665,3,100,30,,,,,,,,,,41.8,41.7,41.7,62.6,36.6,,41.7,41.4,41.4
2/2/22,3:00 PM,5.388888889,5.444444444,5.388888889,82,2.555555556,0.4,SE,0.8,2.2,SSE,5.388888889,5.222222222,5.222222222,1026.7,0,0,0.485,0,17,49,43.2,60.6,9.25,0.0763,665,3,100,30,,,,,,,,,,41.7,41.5,41.5,62.6,37,,41.5,41.3,41.3
2/2/22,3:30 PM,5.277777778,5.388888889,5.277777778,84,2.777777778,0.4,SE,0.8,2.2,SSE,5.277777778,5.166666667,5.166666667,1026.6,0,0,0.49,0,17,49,43.2,60.6,9.25,0.0763,668,3,100,30,,,,,,,,,,41.5,40.6,40.6,62.4,38.2,,40.6,40.5,40.5
2/2/22,4:00 PM,4.777777778,5.277777778,4.777777778,91,3.444444444,0.4,SE,0.8,1.8,SSE,4.777777778,4.722222222,4.722222222,1026.4,0,0,0.508,0,16.88888889,49,43,60.4,9.25,0.0763,665,3,100,30,,,,,,,,,,40.6,40.1,40.2,62.7,38.3,,40.2,40.2,40.2
2/2/22,4:30 PM,4.555555556,4.777777778,4.5,93,3.5,0.4,SE,0.8,2.2,SE,4.555555556,4.555555556,4.555555556,1026.4,0.25,0,0.517,0,17.05555556,49,43.3,60.7,9.24,0.0762,668,3,100,30,,,,,,,,,,40.2,40,40.1,62.9,38.8,,40.1,40.2,40.2
2/2/22,5:00 PM,4.5,4.555555556,4.444444444,95,3.777777778,0.4,SE,0.8,2.2,SSE,4.5,4.555555556,4.555555556,1026.2,0,0,0.519,0,17.16666667,49,43.4,60.9,9.23,0.0762,664,3,100,30,,,,,,,,,,40.2,40.1,40.1,63.2,38.8,,40.1,40.2,40.2
2/2/22,5:30 PM,4.5,4.555555556,4.5,95,3.777777778,0.4,SSE,0.8,1.8,SSE,4.5,4.555555556,4.555555556,1026.3,0,0,0.519,0,17.33333333,49,43.7,61.2,9.22,0.0762,666,3,100,30,,,,,,,,,,40.2,40.1,40.1,63.6,38.8,,40.1,40.2,40.2
2/2/22,6:00 PM,4.5,4.555555556,4.5,95,3.777777778,0,ESE,0,1.3,NNE,4.5,4.555555556,4.555555556,1026.2,0.25,0,0.519,0,17.55555556,50,44.6,61.8,9.38,0.0761,665,3,100,30,,,,,,,,,,40.1,39.8,39.8,63.4,38.5,,39.8,39.9,39.9
2/2/22,6:30 PM,4.333333333,4.5,4.333333333,95,3.611111111,0.4,NE,0.8,1.3,ESE,4.333333333,4.388888889,4.388888889,1026.1,0.25,0,0.525,0,17.44444444,49,43.9,61.5,9.21,0.0761,665,3,100,30,,,,,,,,,,39.8,39.6,39.6,63.2,38.3,,39.6,39.7,39.7
2/2/22,7:00 PM,4.222222222,4.333333333,4.222222222,95,3.5,0.4,NE,0.8,2.2,E,4.222222222,4.277777778,4.277777778,1026.3,0,0,0.529,0,17.33333333,50,44.2,61.3,9.39,0.0761,665,3,100,30,,,,,,,,,,39.6,39.4,39.4,63.2,38.1,,39.4,39.4,39.4
2/2/22,7:30 PM,4.111111111,4.222222222,4.111111111,95,3.388888889,0.4,SE,0.8,1.8,ESE,4.111111111,4.111111111,4.111111111,1026,0,0,0.533,0,17.33333333,50,44.2,61.3,9.39,0.0761,665,3,100,30,,,,,,,,,,39.6,39.4,39.5,63.5,38.5,,39.5,39.6,39.6
2/2/22,8:00 PM,4.166666667,4.222222222,4.111111111,96,3.611111111,0,SSE,0,0.9,SE,4.166666667,4.222222222,4.222222222,1026.4,0,0,0.531,0,17.5,51,45,61.8,9.58,0.0761,665,3,100,30,,,,,,,,,,39.9,39.6,39.9,63.5,38.9,,39.9,40,40
2/2/22,8:30 PM,4.388888889,4.388888889,4.222222222,96,3.833333333,0,SE,0,1.3,S,4.388888889,4.444444444,4.444444444,1026.2,0,0,0.523,0,17.5,51,45,61.8,9.58,0.0761,663,3,100,30,,,,,,,,,,40.1,39.8,40.1,63.4,39.1,,40.1,40.2,40.2
2/2/22,9:00 PM,4.5,4.5,4.333333333,96,3.944444444,0,S,0,0.9,S,4.5,4.555555556,4.555555556,1026.6,0,0,0.519,0,17.44444444,51,44.9,61.6,9.58,0.0761,667,3,100,30,,,,,,,,,,40.4,40.1,40.4,63.2,39.4,,40.4,40.5,40.5
2/2/22,9:30 PM,4.666666667,4.666666667,4.5,96,4.111111111,0,---,0,0,---,4.666666667,4.722222222,4.722222222,1026.8,0,0,0.512,0,17.33333333,51,44.8,61.4,9.59,0.0762,666,3,100,30,,,,,,,,,,40.6,40.4,40.6,63,39.5,,40.6,40.7,40.7
2/2/22,10:00 PM,4.777777778,4.777777778,4.666666667,96,4.166666667,0,---,0,0,---,4.777777778,4.833333333,4.833333333,1026.6,0,0,0.508,0,17.22222222,51,44.6,61.2,9.59,0.0762,667,3,100,30,,,,,,,,,,,,,,,,,,