		Temp	Hi	Low	Out	Dew	Wind	Wind	Wind	Hi	Hi	Wind	Heat	THW			Rain	Heat	Cool	In 	In	In 	In 	In 	In Air	Wind	Wind	ISS 	Arc.
Date	Time	Out	Temp	Temp	Hum	Pt.	Speed	Dir	Run	Speed	Dir	Chill	Index	Index	Bar  	Rain	Rate	D-D 	D-D 	Temp	Hum	Dew	Heat	EMC	Density	Samp	Tx 	Recept	Int.
02/02/22	12:30 a	1.7	1.9	1.7	94	0.8	0.0	---	0.00	0.0	---	1.7	1.7	1.7	1029.7	0.00	0.0	0.347	0.000	16.7	57	8.2	15.9	10.59	 .0765	668	3	100.0	30
02/02/22	1:00 a	1.2	1.7	1.2	95	0.5	0.0	---	0.00	0.0	---	1.2	1.2	1.2	1029.5	0.00	0.0	0.356	0.000	16.7	56	7.9	15.9	10.45	 .0765	668	3	100.0	30
02/02/22	1:30 a	1.4	1.4	1.2	95	0.7	0.0	---	0.00	0.0	---	1.4	1.4	1.4	1029.7	0.00	0.0	0.352	0.000	16.7	55	7.6	15.9	10.25	 .0765	667	3	100.0	30
02/02/22	2:00 a	1.3	1.5	1.3	95	0.6	0.0	---	0.00	0.0	---	1.3	1.3	1.3	1030.0	0.00	0.0	0.354	0.000	16.6	54	7.3	15.7	10.15	 .0766	670	3	100.0	30
02/02/22	2:30 a	1.2	1.3	1.2	95	0.5	0.0	S	0.00	0.4	S	1.2	1.1	1.1	1030.4	0.00	0.0	0.358	0.000	16.7	53	7.1	15.8	9.95	 .0766	666	3	100.0	30
02/02/22	3:00 a	0.8	1.2	0.8	95	0.1	0.0	---	0.00	0.0	---	0.8	0.7	0.7	1030.4	0.00	0.0	0.366	0.000	16.6	53	7.0	15.7	9.95	 .0766	668	3	100.0	30
02/02/22	3:30 a	0.7	0.8	0.7	96	0.2	0.0	---	0.00	0.0	---	0.7	0.7	0.7	1030.4	0.00	0.0	0.367	0.000	16.7	52	6.8	15.8	9.75	 .0766	665	3	100.0	30
02/02/22	4:00 a	0.7	0.8	0.7	96	0.2	0.0	---	0.00	0.0	---	0.7	0.7	0.7	1030.0	0.00	0.0	0.367	0.000	16.7	52	6.8	15.8	9.75	 .0766	666	3	100.0	30
02/02/22	4:30 a	0.9	0.9	0.7	96	0.4	0.0	S	0.00	0.4	S	0.9	0.9	0.9	1030.4	0.00	0.0	0.362	0.000	16.8	51	6.6	15.8	9.61	 .0766	668	3	100.0	30
02/02/22	5:00 a	1.4	1.4	0.9	96	0.8	0.0	S	0.00	0.4	S	1.4	1.4	1.4	1030.3	0.00	0.0	0.353	0.000	16.7	51	6.5	15.7	9.61	 .0766	663	3	100.0	30
02/02/22	5:30 a	1.9	1.9	1.4	97	1.5	0.0	N	0.00	1.3	NE	1.9	1.9	1.9	1030.2	0.00	0.0	0.343	0.000	16.7	51	6.5	15.7	9.61	 .0766	668	3	100.0	30
02/02/22	6:00 a	1.8	1.9	1.8	96	1.3	0.0	E	0.00	0.9	E	1.8	1.8	1.8	1030.0	0.00	0.0	0.344	0.000	16.8	50	6.3	15.7	9.41	 .0766	664	3	100.0	30
02/02/22	6:30 a	1.8	1.8	1.8	96	1.2	0.0	E	0.00	0.9	E	1.8	1.8	1.8	1030.2	0.00	0.0	0.345	0.000	16.7	50	6.2	15.7	9.41	 .0766	666	3	100.0	30
02/02/22	7:00 a	1.8	1.8	1.8	96	1.2	0.0	E	0.00	0.4	E	1.8	1.8	1.8	1029.8	0.00	0.0	0.345	0.000	16.8	50	6.3	15.7	9.41	 .0766	667	3	100.0	30
02/02/22	7:30 a	1.8	1.8	1.7	96	1.2	0.0	E	0.00	0.4	E	1.8	1.8	1.8	1029.8	0.00	0.0	0.345	0.000	16.8	50	6.3	15.7	9.41	 .0766	661	3	100.0	30
02/02/22	8:00 a	1.8	1.8	1.8	96	1.3	0.0	E	0.00	0.4	E	1.8	1.8	1.8	1029.9	0.00	0.0	0.344	0.000	16.7	49	5.9	15.6	9.27	 .0766	669	3	100.0	30
02/02/22	8:30 a	2.1	2.1	1.8	96	1.5	0.0	E	0.00	0.4	E	2.1	2.1	2.1	1030.4	0.00	0.0	0.339	0.000	16.8	51	6.6	15.8	9.60	 .0766	664	3	100.0	30
02/02/22	9:00 a	2.2	2.2	2.1	96	1.7	0.0	E	0.00	0.9	E	2.2	2.2	2.2	1029.9	0.00	0.0	0.336	0.000	16.8	51	6.6	15.8	9.61	 .0766	666	3	100.0	30
02/02/22	9:30 a	2.3	2.3	2.2	95	1.6	0.0	S	0.00	1.3	SE	2.3	2.3	2.3	1030.1	0.00	0.0	0.333	0.000	16.7	50	6.2	15.6	9.41	 .0766	665	3	100.0	30
02/02/22	10:00 a	2.7	2.7	2.3	94	1.8	0.0	SE	0.00	1.3	ENE	2.7	2.7	2.7	1029.8	0.00	0.0	0.326	0.000	16.7	50	6.2	15.7	9.41	 .0766	665	3	100.0	30
02/02/22	10:30 a	3.3	3.3	2.7	93	2.3	0.4	S	0.80	1.8	SSE	3.3	3.3	3.3	1029.8	0.00	0.0	0.313	0.000	16.7	50	6.2	15.6	9.41	 .0766	664	3	100.0	30
02/02/22	11:00 a	3.8	3.8	3.3	90	2.3	0.4	SE	0.80	2.2	S	3.8	3.7	3.7	1029.7	0.00	0.0	0.303	0.000	16.7	50	6.2	15.7	9.41	 .0766	666	3	100.0	30
02/02/22	11:30 a	4.3	4.3	3.8	87	2.4	0.4	SE	0.80	2.2	SSE	4.3	4.2	4.2	1029.4	0.00	0.0	0.292	0.000	16.7	50	6.2	15.7	9.41	 .0766	666	3	100.0	30
02/02/22	12:00 p	4.5	4.5	4.3	85	2.2	0.9	SE	1.61	2.2	S	4.4	4.4	4.3	1028.9	0.00	0.0	0.288	0.000	16.7	50	6.2	15.7	9.41	 .0765	667	3	100.0	30
02/02/22	12:30 p	4.3	4.6	4.3	83	1.7	0.4	SSE	0.80	1.8	SSE	4.3	4.2	4.2	1028.9	0.00	0.0	0.292	0.000	16.8	51	6.6	15.8	9.61	 .0765	669	3	100.0	30
02/02/22	1:00 p	4.4	4.4	4.3	81	1.5	0.9	SE	1.61	2.2	S	4.3	4.3	4.2	1028.3	0.00	0.0	0.289	0.000	16.7	51	6.5	15.7	9.61	 .0765	668	3	100.0	30
02/02/22	1:30 p	4.9	4.9	4.4	80	1.8	0.4	SE	0.80	2.2	ENE	4.9	4.8	4.8	1027.8	0.00	0.0	0.279	0.000	16.8	50	6.3	15.8	9.40	 .0764	660	3	100.0	30
02/02/22	2:00 p	5.2	5.2	4.9	80	2.1	0.4	ESE	0.80	2.2	S	5.2	5.1	5.1	1027.5	0.00	0.0	0.273	0.000	16.9	49	6.1	15.8	9.25	 .0764	659	3	100.0	30
02/02/22	2:30 p	5.4	5.5	5.2	80	2.3	0.4	SSE	0.80	2.7	E	5.4	5.3	5.3	1026.8	0.00	0.0	0.269	0.000	16.9	49	6.1	15.8	9.25	 .0763	665	3	100.0	30
02/02/22	3:00 p	5.4	5.4	5.4	82	2.6	0.4	SE	0.80	2.2	SSE	5.4	5.2	5.2	1026.7	0.00	0.0	0.270	0.000	17.0	49	6.2	15.9	9.25	 .0763	665	3	100.0	30
02/02/22	3:30 p	5.3	5.4	5.3	84	2.8	0.4	SE	0.80	2.2	SSE	5.3	5.2	5.2	1026.6	0.00	0.0	0.272	0.000	17.0	49	6.2	15.9	9.25	 .0763	668	3	100.0	30
02/02/22	4:00 p	4.8	5.3	4.8	91	3.4	0.4	SE	0.80	1.8	SSE	4.8	4.7	4.7	1026.4	0.00	0.0	0.282	0.000	16.9	49	6.1	15.8	9.25	 .0763	665	3	100.0	30
02/02/22	4:30 p	4.6	4.8	4.5	93	3.5	0.4	SE	0.80	2.2	SE	4.6	4.6	4.6	1026.4	0.25	0.0	0.287	0.000	17.1	49	6.3	15.9	9.24	 .0762	668	3	100.0	30
02/02/22	5:00 p	4.5	4.6	4.4	95	3.8	0.4	SE	0.80	2.2	SSE	4.5	4.6	4.6	1026.2	0.00	0.0	0.288	0.000	17.2	49	6.4	16.1	9.23	 .0762	664	3	100.0	30
02/02/22	5:30 p	4.5	4.6	4.5	95	3.8	0.4	SSE	0.80	1.8	SSE	4.5	4.6	4.6	1026.3	0.00	0.0	0.288	0.000	17.3	49	6.5	16.2	9.22	 .0762	666	3	100.0	30
02/02/22	6:00 p	4.5	4.6	4.5	95	3.8	0.0	ESE	0.00	1.3	NNE	4.5	4.6	4.6	1026.2	0.25	0.0	0.288	0.000	17.6	50	7.0	16.6	9.38	 .0761	665	3	100.0	30
02/02/22	6:30 p	4.3	4.5	4.3	95	3.6	0.4	NE	0.80	1.3	ESE	4.3	4.4	4.4	1026.1	0.25	0.0	0.292	0.000	17.4	49	6.6	16.4	9.21	 .0761	665	3	100.0	30
02/02/22	7:00 p	4.2	4.3	4.2	95	3.5	0.4	NE	0.80	2.2	E	4.2	4.3	4.3	1026.3	0.00	0.0	0.294	0.000	17.3	50	6.8	16.3	9.39	 .0761	665	3	100.0	30
02/02/22	7:30 p	4.1	4.2	4.1	95	3.4	0.4	SE	0.80	1.8	ESE	4.1	4.1	4.1	1026.0	0.00	0.0	0.296	0.000	17.3	50	6.8	16.3	9.39	 .0761	665	3	100.0	30
02/02/22	8:00 p	4.2	4.2	4.1	96	3.6	0.0	SSE	0.00	0.9	SE	4.2	4.2	4.2	1026.4	0.00	0.0	0.295	0.000	17.5	51	7.2	16.6	9.58	 .0761	665	3	100.0	30
02/02/22	8:30 p	4.4	4.4	4.2	96	3.8	0.0	SE	0.00	1.3	S	4.4	4.4	4.4	1026.2	0.00	0.0	0.291	0.000	17.5	51	7.2	16.6	9.58	 .0761	663	3	100.0	30
02/02/22	9:00 p	4.5	4.5	4.3	96	3.9	0.0	S	0.00	0.9	S	4.5	4.6	4.6	1026.6	0.00	0.0	0.288	0.000	17.4	51	7.2	16.4	9.58	 .0761	667	3	100.0	30
02/02/22	9:30 p	4.7	4.7	4.5	96	4.1	0.0	---	0.00	0.0	---	4.7	4.7	4.7	1026.8	0.00	0.0	0.285	0.000	17.3	51	7.1	16.3	9.59	 .0762	666	3	100.0	30
02/02/22	10:00 p	4.8	4.8	4.7	96	4.2	0.0	---	0.00	0.0	---	4.8	4.8	4.8	1026.6	0.00	0.0	0.282	0.000	17.2	51	7.0	16.2	9.59	 .0762	667	3	100.0	30
02/02/22	10:30 p	4.9	4.9	4.8	96	4.4	0.0	---	0.00	0.0	---	4.9	5.0	5.0	1026.8	0.00	0.0	0.279	0.000	18.4	50	7.8	17.4	9.35	 .0758	658	3	100.0	30
02/02/22	11:00 p	5.1	5.1	4.9	96	4.5	0.0	---	0.00	0.0	---	5.1	5.2	5.2	1026.8	0.00	0.0	0.275	0.000	17.7	50	7.2	16.7	9.37	 .0761	666	3	100.0	30
02/02/22	11:30 p	5.3	5.3	5.1	96	4.7	0.0	S	0.00	0.4	S	5.3	5.3	5.3	1027.2	0.00	0.0	0.272	0.000	17.6	51	7.3	16.6	9.58	 .0761	666	3	100.0	30
02/03/22	12:00 a	5.3	5.3	5.3	96	4.7	0.0	---	0.00	0.0	---	5.3	5.4	5.4	1026.9	0.00	0.0	0.271	0.000	17.4	52	7.5	16.5	9.75	 .0761	664	3	100.0	30
02/03/22	12:30 a	5.4	5.4	5.3	96	4.8	0.0	---	0.00	0.0	---	5.4	5.4	5.4	1027.0	0.00	0.0	0.270	0.000	17.3	52	7.4	16.4	9.75	 .0762	665	3	100.0	30
02/03/22	1:00 a	5.4	5.4	5.4	96	4.9	0.0	---	0.00	0.0	---	5.4	5.5	5.5	1027.0	0.00	0.0	0.269	0.000	17.3	52	7.3	16.3	9.75	 .0762	666	3	100.0	30
02/03/22	1:30 a	5.5	5.5	5.4	96	4.9	0.0	---	0.00	0.0	---	5.5	5.6	5.6	1026.9	0.00	0.0	0.267	0.000	17.4	52	7.5	16.5	9.75	 .0761	667	3	100.0	30
02/03/22	2:00 a	5.6	5.6	5.5	97	5.2	0.0	---	0.00	0.0	---	5.6	5.7	5.7	1027.0	0.25	0.0	0.265	0.000	17.4	52	7.4	16.4	9.75	 .0761	666	3	100.0	30
02/03/22	2:30 a	5.9	5.9	5.6	97	5.5	0.0	S	0.00	1.3	SE	5.9	6.1	6.1	1027.3	0.00	0.0	0.258	0.000	17.3	52	7.4	16.4	9.75	 .0762	664	3	100.0	30
02/03/22	3:00 a	6.1	6.1	5.9	97	5.6	0.4	SE	0.80	1.8	SSE	6.1	6.2	6.2	1027.4	0.25	0.0	0.256	0.000	17.4	52	7.4	16.4	9.75	 .0762	666	3	100.0	30
02/03/22	3:30 a	6.1	6.1	6.1	97	5.6	0.4	SE	0.80	1.8	SSE	6.1	6.2	6.2	1027.2	0.25	0.0	0.256	0.000	17.4	52	7.5	16.5	9.75	 .0761	669	3	100.0	30
02/03/22	4:00 a	6.1	6.1	6.1	97	5.6	0.4	ESE	0.80	2.7	ESE	6.1	6.2	6.2	1027.4	0.00	0.0	0.256	0.000	17.5	51	7.2	16.6	9.58	 .0762	663	3	100.0	30
02/03/22	4:30 a	6.1	6.1	6.1	97	5.6	0.4	SE	0.80	1.8	SSE	6.1	6.2	6.2	1027.6	0.00	0.0	0.256	0.000	17.4	52	7.5	16.5	9.75	 .0762	665	3	100.0	30
02/03/22	5:00 a	6.1	6.1	6.1	97	5.7	0.4	SE	0.80	1.3	SSE	6.1	6.2	6.2	1027.8	0.25	0.0	0.255	0.000	17.5	51	7.2	16.6	9.58	 .0762	665	3	100.0	30
02/03/22	5:30 a	6.1	6.1	6.1	97	5.7	0.4	SE	0.80	1.8	SSE	6.1	6.2	6.2	1028.1	0.00	0.0	0.255	0.000	17.6	51	7.3	16.6	9.58	 .0762	667	3	100.0	30
02/03/22	6:00 a	6.2	6.2	6.1	97	5.7	0.4	SSE	0.80	1.8	SSE	6.2	6.3	6.3	1028.2	0.00	0.0	0.253	0.000	17.5	51	7.2	16.6	9.58	 .0762	667	3	100.0	30
02/03/22	6:30 a	6.2	6.2	6.2	97	5.8	0.4	SSE	0.80	1.8	SSE	6.2	6.3	6.3	1028.4	0.25	0.0	0.252	0.000	17.6	51	7.3	16.6	9.58	 .0762	666	3	100.0	30
02/03/22	7:00 a	6.3	6.3	6.2	97	5.8	0.4	SSE	0.80	1.8	SE	6.3	6.4	6.4	1028.3	0.25	0.0	0.251	0.000	17.5	51	7.2	16.6	9.58	 .0762	665	3	100.0	30
02/03/22	7:30 a	6.3	6.3	6.2	97	5.9	0.4	SE	0.80	0.9	SE	6.3	6.4	6.4	1028.4	0.00	0.0	0.250	0.000	17.6	51	7.3	16.6	9.58	 .0762	667	3	100.0	30
02/03/22	8:00 a	6.4	6.4	6.3	97	6.0	0.0	SE	0.00	0.9	SE	6.4	6.6	6.6	1028.7	0.00	0.0	0.248	0.000	17.6	51	7.3	16.6	9.58	 .0762	665	3	100.0	30
02/03/22	8:30 a	6.5	6.5	6.4	97	6.1	0.4	SE	0.80	0.9	SE	6.5	6.7	6.7	1028.9	0.25	0.0	0.247	0.000	17.5	51	7.2	16.6	9.58	 .0763	667	3	100.0	30
02/03/22	9:00 a	6.6	6.6	6.5	97	6.2	0.4	SE	0.80	1.8	SSE	6.6	6.8	6.8	1029.2	0.25	1.3	0.244	0.000	17.6	54	8.1	16.8	10.15	 .0762	662	3	100.0	30
02/03/22	9:30 a	6.7	6.7	6.6	97	6.2	0.4	SE	0.80	1.3	SSE	6.7	6.8	6.8	1029.6	0.00	0.0	0.243	0.000	17.6	54	8.2	16.8	10.15	 .0762	666	3	100.0	30
02/03/22	10:00 a	6.7	6.7	6.7	97	6.3	0.4	SE	0.80	1.3	SSE	6.7	6.9	6.9	1030.0	0.00	0.0	0.242	0.000	17.6	53	7.9	16.8	9.95	 .0763	662	3	100.0	30
02/03/22	10:30 a	6.8	6.9	6.7	97	6.4	0.4	SSE	0.80	1.8	SSE	6.8	7.0	7.0	1030.1	0.00	0.0	0.240	0.000	18.0	52	8.0	17.1	9.75	 .0762	665	3	100.0	30
02/03/22	11:00 a	7.1	7.1	6.8	96	6.5	0.4	SE	0.80	1.8	SSE	7.1	7.2	7.2	1030.3	0.00	0.0	0.235	0.000	17.8	52	7.8	16.9	9.75	 .0763	666	3	100.0	30
02/03/22	11:30 a	7.2	7.2	7.0	96	6.6	0.4	SSE	0.80	1.8	SSE	7.2	7.3	7.3	1030.3	0.00	0.0	0.233	0.000	17.8	52	7.8	16.9	9.75	 .0763	664	3	100.0	30
02/03/22	12:00 p	7.4	7.4	7.2	95	6.7	0.0	SE	0.00	1.3	E	7.4	7.6	7.6	1030.7	0.00	0.0	0.227	0.000	17.6	52	7.6	16.7	9.75	 .0763	665	3	100.0	30
02/03/22	12:30 p	7.6	7.6	7.4	94	6.7	0.0	SSE	0.00	0.9	SSE	7.6	7.7	7.7	1031.0	0.00	0.0	0.223	0.000	17.7	53	8.0	16.8	9.95	 .0763	667	3	100.0	30
02/03/22	1:00 p	7.7	7.7	7.6	94	6.8	0.0	S	0.00	1.3	SE	7.7	7.9	7.9	1031.1	0.00	0.0	0.221	0.000	17.6	53	7.9	16.8	9.95	 .0764	667	3	100.0	30
02/03/22	1:30 p	7.9	7.9	7.7	93	6.8	0.0	WSW	0.00	0.9	SSW	7.9	8.0	8.0	1031.0	0.00	0.0	0.218	0.000	18.0	52	8.0	17.1	9.75	 .0763	664	3	100.0	30
02/03/22	2:00 p	8.1	8.1	7.9	92	6.8	0.0	SE	0.00	1.3	ESE	8.1	8.2	8.2	1030.9	0.00	0.0	0.214	0.000	18.1	52	8.0	17.2	9.75	 .0762	667	3	100.0	30
02/03/22	2:30 p	8.2	8.2	8.1	91	6.8	0.0	ESE	0.00	0.9	ESE	8.2	8.3	8.3	1030.7	0.00	0.0	0.211	0.000	18.1	52	8.0	17.2	9.75	 .0762	670	3	100.0	30
02/03/22	3:00 p	8.6	8.6	8.2	91	7.2	0.0	ESE	0.00	0.9	ESE	8.6	8.7	8.7	1030.7	0.00	0.0	0.204	0.000	18.1	52	8.1	17.3	9.75	 .0762	665	3	100.0	30
02/03/22	3:30 p	8.8	8.8	8.6	90	7.3	0.0	SE	0.00	0.9	SE	8.8	8.9	8.9	1030.6	0.00	0.0	0.198	0.000	18.1	51	7.8	17.1	9.56	 .0762	664	3	100.0	30
02/03/22	4:00 p	8.9	8.9	8.8	89	7.2	0.0	SSE	0.00	0.9	SSE	8.9	9.0	9.0	1030.7	0.00	0.0	0.197	0.000	18.3	51	8.0	17.4	9.55	 .0761	665	3	100.0	30
02/03/22	4:30 p	8.7	8.9	8.7	90	7.2	0.0	S	0.00	0.9	S	8.7	8.8	8.8	1030.7	0.00	0.0	0.200	0.000	19.8	49	8.8	19.0	9.10	 .0757	661	3	100.0	30
02/03/22	5:00 p	8.6	8.7	8.6	90	7.0	0.0	S	0.00	0.9	S	8.6	8.7	8.7	1030.7	0.00	0.0	0.204	0.000	19.9	49	8.9	19.1	9.09	 .0757	655	3	100.0	30
02/03/22	5:30 p	8.4	8.6	8.4	91	7.1	0.0	S	0.00	0.9	SE	8.4	8.6	8.6	1030.9	0.00	0.0	0.206	0.000	18.6	51	8.2	17.7	9.54	 .0761	670	3	100.0	30
02/03/22	6:00 p	8.3	8.4	8.3	92	7.1	0.0	S	0.00	0.4	S	8.3	8.4	8.4	1031.0	0.00	0.0	0.209	0.000	18.3	52	8.2	17.4	9.75	 .0762	664	3	100.0	30
02/03/22	6:30 p	8.1	8.3	8.1	90	6.6	0.0	S	0.00	0.9	S	8.1	8.2	8.2	1031.4	0.00	0.0	0.213	0.000	18.2	54	8.7	17.4	10.15	 .0762	664	3	100.0	30
02/03/22	7:00 p	8.2	8.2	8.1	89	6.5	0.0	S	0.00	0.9	SSW	8.2	8.3	8.3	1031.5	0.00	0.0	0.211	0.000	18.6	56	9.7	18.0	10.44	 .0760	665	3	100.0	30
02/03/22	7:30 p	8.1	8.2	8.1	90	6.5	0.0	S	0.00	0.9	S	8.1	8.2	8.2	1031.4	0.00	0.0	0.214	0.000	18.5	55	9.3	17.8	10.24	 .0761	666	3	100.0	30
02/03/22	8:00 p	8.1	8.1	7.9	90	6.5	0.0	W	0.00	1.8	S	8.1	8.2	8.2	1031.4	0.00	0.0	0.214	0.000	18.3	55	9.1	17.7	10.25	 .0761	667	3	100.0	30
02/03/22	8:30 p	8.1	8.1	8.0	89	6.4	0.0	SSE	0.00	0.9	SSE	8.1	8.1	8.1	1031.3	0.00	0.0	0.214	0.000	18.2	56	9.3	17.6	10.45	 .0761	667	3	100.0	30
02/03/22	9:00 p	8.2	8.2	8.1	90	6.7	0.4	SE	0.80	1.8	SSE	8.2	8.3	8.3	1031.6	0.00	0.0	0.211	0.000	18.3	55	9.1	17.6	10.25	 .0762	664	3	100.0	30
02/03/22	9:30 p	8.2	8.2	8.1	91	6.8	0.4	SE	0.80	1.3	SE	8.2	8.3	8.3	1032.1	0.00	0.0	0.212	0.000	18.2	55	9.0	17.5	10.25	 .0762	666	3	100.0	30
02/03/22	10:00 p	8.1	8.2	8.1	91	6.7	0.0	SSE	0.00	1.3	SSE	8.1	8.2	8.2	1032.2	0.00	0.0	0.214	0.000	18.0	55	8.8	17.3	10.25	 .0763	668	3	100.0	30
02/03/22	10:30 p	8.0	8.1	8.0	91	6.6	0.0	SSE	0.00	1.8	S	8.0	8.1	8.1	1032.5	0.00	0.0	0.215	0.000	17.8	55	8.7	17.1	10.25	 .0764	667	3	100.0	30
02/03/22	11:00 p	7.8	8.0	7.8	92	6.6	0.0	SSE	0.00	0.9	SSE	7.8	7.9	7.9	1032.4	0.00	0.0	0.219	0.000	17.8	56	8.9	17.1	10.45	 .0764	669	3	100.0	30
02/03/22	11:30 p	7.7	7.8	7.7	92	6.4	0.0	SSE	0.00	0.9	SSE	7.7	7.8	7.8	1032.2	0.00	0.0	0.222	0.000	17.8	57	9.1	17.2	10.63	 .0763	665	3	100.0	30
02/04/22	12:00 a	7.5	7.7	7.5	92	6.3	0.4	SSE	0.80	1.8	SSE	7.5	7.6	7.6	1032.0	0.00	0.0	0.226	0.000	17.9	57	9.2	17.3	10.63	 .0763	669	3	100.0	30
02/04/22	12:30 a	7.4	7.6	7.4	92	6.2	0.4	SSE	0.80	1.3	SSE	7.4	7.5	7.5	1031.6	0.00	0.0	0.228	0.000	17.9	56	9.0	17.2	10.45	 .0763	664	3	100.0	30
02/04/22	1:00 a	7.3	7.4	7.3	92	6.1	0.0	SE	0.00	1.3	ESE	7.3	7.3	7.3	1031.4	0.00	0.0	0.230	0.000	17.8	56	8.9	17.2	10.45	 .0763	667	3	100.0	30
02/04/22	1:30 a	7.2	7.3	7.2	92	6.0	0.0	SE	0.00	0.9	SE	7.2	7.3	7.3	1030.9	0.00	0.0	0.231	0.000	17.8	56	8.9	17.2	10.45	 .0762	667	3	100.0	30
02/04/22	2:00 a	7.2	7.2	7.1	91	5.8	0.0	SE	0.00	0.4	SE	7.2	7.2	7.2	1029.8	0.00	0.0	0.233	0.000	17.7	55	8.6	17.0	10.25	 .0762	665	3	100.0	30
02/04/22	2:30 a	7.0	7.2	7.0	90	5.5	0.0	SSE	0.00	0.9	SSE	7.0	7.1	7.1	1030.0	0.00	0.0	0.236	0.000	17.9	55	8.7	17.2	10.25	 .0762	666	3	100.0	30
02/04/22	3:00 a	6.7	7.0	6.7	92	5.5	0.0	---	0.00	0.0	---	6.7	6.7	6.7	1029.9	0.00	0.0	0.243	0.000	17.8	55	8.7	17.1	10.25	 .0762	664	3	100.0	30
02/04/22	3:30 a	6.7	6.7	6.7	92	5.5	0.0	---	0.00	0.0	---	6.7	6.8	6.8	1030.1	0.00	0.0	0.242	0.000	17.8	54	8.3	17.0	10.15	 .0762	665	3	100.0	30
02/04/22	4:00 a	6.8	6.8	6.7	92	5.6	0.0	S	0.00	0.9	SE	6.8	6.9	6.9	1029.7	0.00	0.0	0.240	0.000	17.9	54	8.5	17.2	10.15	 .0761	665	3	100.0	30
02/04/22	4:30 a	6.8	6.9	6.8	91	5.4	0.4	SSE	0.80	1.8	SSE	6.8	6.8	6.8	1029.7	0.00	0.0	0.241	0.000	17.8	54	8.4	17.1	10.15	 .0762	669	3	100.0	30
02/04/22	5:00 a	6.6	6.8	6.6	92	5.3	0.4	SE	0.80	1.8	SSE	6.6	6.6	6.6	1029.4	0.00	0.0	0.245	0.000	17.8	54	8.3	17.0	10.15	 .0762	668	3	100.0	30
02/04/22	5:30 a	6.5	6.6	6.5	91	5.1	0.4	SE	0.80	1.8	SE	6.5	6.6	6.6	1029.5	0.00	0.0	0.247	0.000	17.8	54	8.4	17.1	10.15	 .0762	670	3	100.0	30
02/04/22	6:00 a	6.4	6.5	6.4	89	4.8	0.4	SE	0.80	2.2	SSE	6.4	6.4	6.4	1029.0	0.00	0.0	0.248	0.000	17.8	54	8.3	17.0	10.15	 .0761	668	3	100.0	30
02/04/22	6:30 a	6.1	6.4	6.1	89	4.4	0.4	SSE	0.80	2.2	SSE	6.1	6.1	6.1	1028.9	0.00	0.0	0.255	0.000	17.7	54	8.3	16.9	10.15	 .0761	668	3	100.0	30
02/04/22	7:00 a	6.1	6.1	6.1	89	4.4	0.4	S	0.80	2.7	ESE	6.1	6.1	6.1	1028.9	0.00	0.0	0.256	0.000	17.8	53	8.1	17.0	9.95	 .0761	666	3	100.0	30
02/04/22	7:30 a	6.1	6.1	6.1	88	4.3	0.9	SE	1.61	3.1	ESE	6.1	6.1	6.1	1028.7	0.00	0.0	0.255	0.000	17.7	53	8.0	16.9	9.95	 .0761	668	3	100.0	30
02/04/22	8:00 a	6.2	6.2	6.1	87	4.2	0.9	SE	1.61	3.1	SSE	6.2	6.1	6.1	1029.2	0.00	0.0	0.253	0.000	17.8	53	8.1	16.9	9.95	 .0762	666	3	100.0	30
02/04/22	8:30 a	6.3	6.3	6.2	87	4.3	0.4	SSE	0.80	2.7	SE	6.3	6.3	6.3	1029.2	0.00	0.0	0.250	0.000	17.8	53	8.1	17.0	9.95	 .0762	667	3	100.0	30
02/04/22	9:00 a	6.5	6.5	6.3	87	4.5	0.9	SE	1.61	3.1	ESE	6.5	6.5	6.5	1028.7	0.00	0.0	0.247	0.000	17.8	53	8.1	17.0	9.95	 .0761	668	3	100.0	30
02/04/22	9:30 a	6.6	6.6	6.5	87	4.6	0.9	SE	1.61	3.1	SSE	6.6	6.6	6.6	1028.3	0.00	0.0	0.244	0.000	17.8	53	8.1	16.9	9.95	 .0761	667	3	100.0	30
02/04/22	10:00 a	7.1	7.1	6.6	86	4.9	0.4	SE	0.80	2.7	ESE	7.1	7.0	7.0	1028.5	0.00	0.0	0.235	0.000	17.8	55	8.6	17.1	10.25	 .0761	665	3	100.0	30
02/04/22	10:30 a	7.3	7.3	7.1	86	5.1	0.4	SSE	0.80	2.7	ESE	7.3	7.2	7.2	1028.6	0.00	0.0	0.230	0.000	17.8	54	8.4	17.1	10.15	 .0761	666	3	100.0	30
02/04/22	11:00 a	7.8	7.8	7.3	84	5.2	0.4	SE	0.80	3.6	ESE	7.8	7.8	7.8	1028.1	0.00	0.0	0.220	0.000	17.8	54	8.4	17.1	10.15	 .0761	664	3	100.0	30
02/04/22	11:30 a	8.2	8.2	7.8	82	5.3	0.9	SE	1.61	2.7	SSE	8.2	8.2	8.2	1027.8	0.00	0.0	0.211	0.000	17.8	54	8.3	17.0	10.15	 .0760	667	3	100.0	30
02/04/22	12:00 p	9.3	9.3	8.2	79	5.8	0.4	SE	0.80	3.1	ESE	9.3	9.2	9.2	1027.6	0.00	0.0	0.189	0.000	17.7	54	8.3	16.9	10.15	 .0761	668	3	100.0	30
02/04/22	12:30 p	9.8	9.8	9.3	78	6.1	0.4	SE	0.80	1.8	ESE	9.8	9.7	9.7	1027.9	0.00	0.0	0.178	0.000	17.8	54	8.3	17.0	10.15	 .0761	668	3	100.0	30
02/04/22	1:00 p	9.6	9.8	9.6	79	6.1	0.4	SSE	0.80	2.7	S	9.6	9.6	9.6	1027.6	0.00	0.0	0.182	0.000	17.7	55	8.6	17.0	10.25	 .0760	664	3	100.0	30
02/04/22	1:30 p	9.4	9.7	9.4	79	6.0	0.4	S	0.80	4.9	WNW	9.4	9.4	9.4	1027.8	0.00	0.0	0.185	0.000	17.8	55	8.6	17.1	10.25	 .0760	666	3	100.0	30
02/04/22	2:00 p	9.3	9.4	9.3	79	5.9	0.4	SE	0.80	2.2	NE	9.3	9.3	9.3	1027.4	0.00	0.0	0.188	0.000	17.8	55	8.6	17.1	10.25	 .0760	666	3	100.0	30
02/04/22	2:30 p	9.2	9.4	9.2	80	5.9	0.4	SSE	0.80	2.2	S	9.2	9.2	9.2	1026.4	0.00	0.0	0.190	0.000	17.8	55	8.7	17.1	10.25	 .0759	666	3	100.0	30
02/04/22	3:00 p	9.2	9.3	9.2	82	6.3	0.4	SE	0.80	3.1	SSW	9.2	9.2	9.2	1026.9	0.00	0.0	0.190	0.000	17.8	54	8.4	17.1	10.15	 .0760	668	3	100.0	30
02/04/22	3:30 p	8.9	9.3	8.9	87	6.8	0.4	SE	0.80	2.2	S	8.9	8.9	8.9	1027.0	0.00	0.0	0.197	0.000	17.7	54	8.3	16.9	10.15	 .0760	663	3	100.0	30
02/04/22	4:00 p	8.6	8.9	8.6	90	7.0	0.4	SE	0.80	1.8	SE	8.6	8.7	8.7	1026.8	0.00	0.0	0.204	0.000	17.8	54	8.3	17.0	10.15	 .0760	667	3	100.0	30
02/04/22	4:30 p	8.4	8.6	8.4	90	6.9	0.4	SSE	0.80	2.2	SSE	8.4	8.6	8.6	1026.8	0.00	0.0	0.206	0.000	17.8	54	8.4	17.1	10.15	 .0760	666	3	100.0	30
02/04/22	5:00 p	8.5	8.5	8.4	89	6.8	0.9	SE	1.61	3.1	ESE	8.5	8.6	8.6	1025.9	0.00	0.0	0.205	0.000	17.9	55	8.7	17.2	10.25	 .0759	666	3	100.0	30
02/04/22	5:30 p	8.4	8.5	8.4	90	6.9	0.9	SE	1.61	2.7	E	8.4	8.6	8.6	1026.4	0.00	0.0	0.206	0.000	17.8	56	8.9	17.2	10.45	 .0759	662	3	100.0	30
02/04/22	6:00 p	8.3	8.5	8.3	90	6.8	0.9	SE	1.61	3.6	W	8.3	8.4	8.4	1027.0	0.00	0.0	0.208	0.000	17.7	56	8.8	17.0	10.45	 .0760	663	3	100.0	30
02/04/22	6:30 p	8.4	8.4	8.3	91	7.0	0.4	SE	0.80	2.7	SSW	8.4	8.5	8.5	1027.0	0.00	0.0	0.207	0.000	17.6	56	8.7	16.8	10.45	 .0760	668	3	100.0	30
02/04/22	7:00 p	8.5	8.5	8.4	90	7.0	0.4	S	0.80	2.7	SSE	8.5	8.6	8.6	1028.0	0.00	0.0	0.205	0.000	17.6	58	9.2	16.9	10.75	 .0761	666	3	100.0	30
02/04/22	7:30 p	8.6	8.6	8.5	90	7.0	0.4	NNW	0.80	2.2	S	8.6	8.7	8.7	1028.4	0.00	0.0	0.204	0.000	17.5	58	9.1	16.9	10.75	 .0761	666	3	100.0	30
02/04/22	8:00 p	8.4	8.6	8.4	91	7.0	0.4	N	0.80	1.8	S	8.4	8.5	8.5	1029.1	0.00	0.0	0.207	0.000	17.7	60	9.9	17.2	11.07	 .0761	664	3	100.0	30
02/04/22	8:30 p	8.3	8.4	8.3	90	6.8	0.4	SSE	0.80	3.1	S	8.3	8.4	8.4	1029.6	0.00	0.0	0.208	0.000	17.8	61	10.2	17.4	11.25	 .0761	667	3	100.0	30
02/04/22	9:00 p	8.3	8.3	8.3	90	6.7	0.4	S	0.80	1.3	WSW	8.3	8.4	8.4	1029.8	0.00	0.0	0.209	0.000	17.8	60	9.9	17.3	11.07	 .0761	667	3	100.0	30
02/04/22	9:30 p	8.2	8.3	8.2	90	6.7	0.0	SSW	0.00	0.9	SSE	8.2	8.3	8.3	1030.3	0.00	0.0	0.211	0.000	17.8	61	10.2	17.4	11.25	 .0761	667	3	100.0	30
02/04/22	10:00 p	8.1	8.2	8.1	89	6.4	0.4	NW	0.80	1.3	SSE	8.1	8.2	8.2	1031.0	0.00	0.0	0.213	0.000	17.7	61	10.0	17.2	11.25	 .0762	666	3	100.0	30
02/04/22	10:30 p	8.1	8.1	8.0	89	6.4	0.4	SW	0.80	1.8	WSW	8.1	8.1	8.1	1031.6	0.00	0.0	0.214	0.000	17.3	60	9.5	16.7	11.09	 .0764	665	3	100.0	30
02/04/22	11:00 p	7.9	8.1	7.9	88	6.0	0.4	SW	0.80	2.7	SSE	7.9	7.9	7.9	1032.2	0.00	0.0	0.218	0.000	17.2	60	9.3	16.6	11.09	 .0765	662	3	100.0	30
02/04/22	11:30 p	7.8	7.9	7.8	89	6.1	0.0	SW	0.00	1.3	SW	7.8	7.8	7.8	1032.2	0.00	0.0	0.220	0.000	16.9	60	9.1	16.2	11.10	 .0766	667	3	100.0	30
02/05/22	12:00 a	7.8	7.8	7.7	88	5.9	0.4	SSW	0.80	1.8	WNW	7.8	7.8	7.8	1033.1	0.00	0.0	0.220	0.000	16.9	59	8.8	16.2	10.95	 .0767	669	3	100.0	30
02/05/22	12:30 a	7.6	7.8	7.6	87	5.6	0.4	S	0.80	1.3	NNW	7.6	7.6	7.6	1033.5	0.00	0.0	0.223	0.000	16.9	58	8.6	16.2	10.75	 .0767	665	3	100.0	30
02/05/22	1:00 a	7.6	7.7	7.6	88	5.7	0.0	W	0.00	0.9	W	7.6	7.6	7.6	1033.6	0.00	0.0	0.225	0.000	16.9	58	8.6	16.2	10.75	 .0767	667	3	100.0	30
02/05/22	1:30 a	7.4	7.6	7.4	88	5.6	0.0	N	0.00	0.9	N	7.4	7.4	7.4	1033.8	0.00	0.0	0.227	0.000	16.9	57	8.4	16.2	10.60	 .0767	664	3	100.0	30
02/05/22	2:00 a	7.3	7.4	7.3	89	5.6	0.0	SSW	0.00	1.3	W	7.3	7.3	7.3	1034.0	0.00	0.0	0.230	0.000	16.9	57	8.3	16.2	10.60	 .0767	668	3	100.0	30
02/05/22	2:30 a	7.2	7.3	7.2	88	5.3	0.0	SW	0.00	1.3	SSW	7.2	7.2	7.2	1034.3	0.00	0.0	0.233	0.000	17.0	56	8.2	16.2	10.45	 .0768	665	3	100.0	30
02/05/22	3:00 a	7.2	7.2	7.2	88	5.3	0.0	SSW	0.00	0.9	SSW	7.2	7.2	7.2	1034.1	0.00	0.0	0.233	0.000	17.2	56	8.3	16.4	10.45	 .0767	669	3	100.0	30
02/05/22	3:30 a	7.1	7.2	7.1	91	5.7	0.4	SSE	0.80	1.8	ENE	7.1	7.1	7.1	1033.8	0.00	0.0	0.235	0.000	17.1	57	8.5	16.3	10.60	 .0767	662	3	100.0	30
02/05/22	4:00 a	6.8	7.1	6.7	93	5.7	0.4	SSE	0.80	2.2	SSE	6.8	6.9	6.9	1034.4	0.00	0.0	0.241	0.000	17.1	57	8.5	16.3	10.60	 .0767	667	3	100.0	30
02/05/22	4:30 a	6.6	6.8	6.6	95	5.9	0.4	S	0.80	1.3	S	6.6	6.7	6.7	1034.6	0.00	0.0	0.244	0.000	17.1	58	8.8	16.4	10.75	 .0767	668	3	100.0	30
02/05/22	5:00 a	6.4	6.6	6.4	95	5.7	0.4	SE	0.80	2.2	SSE	6.4	6.6	6.6	1035.0	0.00	0.0	0.248	0.000	17.1	57	8.5	16.4	10.61	 .0768	669	3	100.0	30
02/05/22	5:30 a	6.2	6.4	6.2	95	5.5	0.0	SE	0.00	2.2	SSE	6.2	6.3	6.3	1034.8	0.00	0.0	0.252	0.000	17.2	57	8.6	16.4	10.61	 .0767	667	3	100.0	30
02/05/22	6:00 a	6.3	6.3	6.2	95	5.5	0.0	SSE	0.00	1.3	SSE	6.3	6.3	6.3	1035.3	0.00	0.0	0.251	0.000	17.2	57	8.6	16.4	10.61	 .0768	666	3	100.0	30
02/05/22	6:30 a	6.3	6.3	6.3	95	5.6	0.0	SSE	0.00	0.9	SSE	6.3	6.4	6.4	1035.4	0.00	0.0	0.250	0.000	17.1	57	8.5	16.3	10.60	 .0768	668	3	100.0	30
02/05/22	7:00 a	6.3	6.3	6.3	95	5.6	0.0	SSE	0.00	0.9	SSE	6.3	6.4	6.4	1036.0	0.00	0.0	0.250	0.000	17.1	56	8.2	16.3	10.45	 .0769	666	3	100.0	30
02/05/22	7:30 a	6.3	6.4	6.3	95	5.6	0.0	SSE	0.00	0.9	SSE	6.3	6.4	6.4	1036.2	0.00	0.0	0.250	0.000	17.1	56	8.3	16.3	10.45	 .0769	665	3	100.0	30
02/05/22	8:00 a	6.4	6.4	6.3	95	5.6	0.0	SSE	0.00	1.3	SE	6.4	6.5	6.5	1036.6	0.00	0.0	0.249	0.000	17.1	57	8.5	16.4	10.61	 .0769	667	3	100.0	30
02/05/22	8:30 a	6.6	6.6	6.4	95	5.8	0.0	SSE	0.00	1.3	SE	6.6	6.7	6.7	1037.0	0.00	0.0	0.245	0.000	17.0	57	8.4	16.3	10.60	 .0769	666	3	100.0	30
02/05/22	9:00 a	6.8	6.8	6.6	95	6.0	0.4	S	0.80	1.8	S	6.8	6.9	6.9	1037.1	0.00	0.0	0.241	0.000	16.8	57	8.3	16.1	10.60	 .0770	662	3	100.0	30
02/05/22	9:30 a	7.1	7.1	6.8	94	6.2	0.0	SSE	0.00	1.8	SSE	7.1	7.2	7.2	1037.5	0.00	0.0	0.235	0.000	16.8	57	8.3	16.1	10.60	 .0770	667	3	100.0	30
02/05/22	10:00 a	7.2	7.2	7.1	92	6.0	0.4	SSE	0.80	2.2	S	7.2	7.3	7.3	1037.3	0.00	0.0	0.231	0.000	16.8	56	7.9	16.0	10.45	 .0770	667	3	100.0	30
02/05/22	10:30 a	7.7	7.7	7.2	91	6.3	0.4	SSE	0.80	2.2	SSE	7.7	7.7	7.7	1037.1	0.00	0.0	0.222	0.000	16.9	56	8.1	16.1	10.45	 .0770	662	3	100.0	30
02/05/22	11:00 a	8.1	8.1	7.7	89	6.4	0.4	SSE	0.80	1.8	SSE	8.1	8.1	8.1	1037.7	0.00	0.0	0.214	0.000	16.9	56	8.1	16.2	10.45	 .0770	664	3	100.0	30
02/05/22	11:30 a	8.6	8.6	8.1	86	6.3	0.0	S	0.00	0.9	S	8.6	8.6	8.6	1037.8	0.00	0.0	0.204	0.000	17.0	56	8.2	16.2	10.45	 .0770	667	3	100.0	30
02/05/22	12:00 p	8.9	8.9	8.6	83	6.2	0.0	SSE	0.00	0.4	SSE	8.9	8.9	8.9	1037.3	0.00	0.0	0.197	0.000	17.1	57	8.5	16.4	10.61	 .0769	668	3	100.0	30
02/05/22	12:30 p	8.7	8.9	8.7	82	5.8	0.0	SSE	0.00	1.8	SSE	8.7	8.7	8.7	1037.2	0.00	0.0	0.200	0.000	17.2	57	8.6	16.4	10.61	 .0769	664	3	100.0	30
02/05/22	1:00 p	9.2	9.2	8.7	84	6.7	0.0	SSE	0.00	1.3	SSE	9.2	9.2	9.2	1037.0	0.00	0.0	0.190	0.000	16.9	57	8.3	16.2	10.60	 .0770	665	3	100.0	30
02/05/22	1:30 p	9.3	9.3	9.2	84	6.7	0.0	SSE	0.00	0.4	SSE	9.3	9.3	9.3	1036.7	0.00	0.0	0.189	0.000	16.9	56	8.1	16.2	10.45	 .0770	668	3	100.0	30
02/05/22	2:00 p	9.2	9.3	9.2	83	6.5	0.0	---	0.00	0.0	---	9.2	9.2	9.2	1036.7	0.00	0.0	0.190	0.000	19.2	54	9.6	18.6	10.09	 .0763	666	3	100.0	30
02/05/22	2:30 p	8.9	9.2	8.9	84	6.3	0.0	SSW	0.00	0.4	SSW	8.9	8.9	8.9	1036.3	0.00	0.0	0.197	0.000	18.8	52	8.8	18.1	9.73	 .0764	668	3	100.0	30
02/05/22	3:00 p	8.5	8.9	8.5	88	6.6	0.0	SSW	0.00	0.4	SSW	8.5	8.6	8.6	1036.6	0.00	0.0	0.205	0.000	18.7	53	8.9	18.0	9.94	 .0764	665	3	100.0	30
02/05/22	3:30 p	8.4	8.5	8.4	86	6.2	0.4	NW	0.80	1.3	WNW	8.4	8.4	8.4	1036.9	0.00	0.0	0.207	0.000	18.7	53	8.9	17.9	9.94	 .0765	667	3	100.0	30
02/05/22	4:00 p	8.4	8.4	8.4	85	6.0	0.0	NW	0.00	0.9	NNW	8.4	8.4	8.4	1037.0	0.00	0.0	0.207	0.000	18.4	53	8.7	17.7	9.95	 .0765	667	3	100.0	30
02/05/22	4:30 p	8.1	8.4	8.1	86	5.9	0.0	NNW	0.00	0.9	NNW	8.1	8.1	8.1	1036.7	0.00	0.0	0.213	0.000	18.4	53	8.6	17.6	9.95	 .0765	669	3	100.0	30
02/05/22	5:00 p	7.8	8.1	7.8	85	5.4	0.0	NNW	0.00	0.4	NNW	7.8	7.8	7.8	1036.8	0.00	0.0	0.220	0.000	18.4	53	8.7	17.7	9.95	 .0765	664	3	100.0	30
02/05/22	5:30 p	7.1	7.8	7.1	86	4.9	0.0	---	0.00	0.0	---	7.1	7.0	7.0	1037.1	0.00	0.0	0.235	0.000	18.5	52	8.5	17.7	9.74	 .0765	664	3	100.0	30
02/05/22	6:00 p	6.4	7.1	6.4	90	4.9	0.0	NNW	0.00	0.4	NNW	6.4	6.5	6.5	1036.9	0.00	0.0	0.248	0.000	18.4	52	8.4	17.6	9.75	 .0766	666	3	100.0	30
02/05/22	6:30 p	6.2	6.4	6.2	92	5.0	0.0	NNW	0.00	0.9	NNW	6.2	6.3	6.3	1036.9	0.00	0.0	0.252	0.000	18.6	52	8.6	17.8	9.74	 .0765	666	3	100.0	30
02/05/22	7:00 p	5.9	6.2	5.8	92	4.7	0.0	N	0.00	0.4	N	5.9	5.9	5.9	1036.5	0.00	0.0	0.259	0.000	18.6	52	8.5	17.7	9.74	 .0765	668	3	100.0	30
02/05/22	7:30 p	5.3	5.8	5.3	93	4.3	0.0	N	0.00	0.4	N	5.3	5.3	5.3	1036.5	0.00	0.0	0.271	0.000	18.4	52	8.4	17.6	9.75	 .0765	666	3	100.0	30
02/05/22	8:00 p	5.1	5.3	5.1	93	4.0	0.0	---	0.00	0.0	---	5.1	5.1	5.1	1036.0	0.00	0.0	0.277	0.000	18.6	52	8.5	17.7	9.74	 .0765	667	3	100.0	30
02/05/22	8:30 p	4.7	5.1	4.7	94	3.8	0.0	---	0.00	0.0	---	4.7	4.7	4.7	1035.6	0.00	0.0	0.285	0.000	18.6	52	8.5	17.7	9.74	 .0764	663	3	100.0	30
02/05/22	9:00 p	4.8	4.9	4.6	95	4.1	0.0	---	0.00	0.0	---	4.8	4.9	4.9	1035.6	0.00	0.0	0.281	0.000	18.4	53	8.7	17.7	9.95	 .0764	666	3	100.0	30
02/05/22	9:30 p	4.7	4.9	4.7	95	3.9	0.0	---	0.00	0.0	---	4.7	4.7	4.7	1035.5	0.00	0.0	0.285	0.000	18.3	53	8.5	17.5	9.95	 .0765	670	3	100.0	30
02/05/22	10:00 p	4.4	4.7	4.4	95	3.7	0.0	---	0.00	0.0	---	4.4	4.5	4.5	1035.6	0.00	0.0	0.289	0.000	18.2	54	8.7	17.4	10.15	 .0765	664	3	100.0	30
02/05/22	10:30 p	3.9	4.4	3.9	95	3.2	0.0	---	0.00	0.0	---	3.9	3.9	3.9	1035.4	0.00	0.0	0.300	0.000	17.9	54	8.5	17.2	10.15	 .0766	668	3	100.0	30
02/05/22	11:00 p	3.7	3.9	3.7	95	3.0	0.0	---	0.00	0.0	---	3.7	3.7	3.7	1035.0	0.00	0.0	0.304	0.000	17.6	55	8.5	16.9	10.25	 .0766	668	3	100.0	30
02/05/22	11:30 p	3.1	3.7	3.1	95	2.3	0.0	---	0.00	0.0	---	3.1	3.1	3.1	1034.5	0.00	0.0	0.318	0.000	17.3	55	8.2	16.6	10.25	 .0767	665	3	100.0	30
02/06/22	12:00 a	2.6	3.1	2.6	96	2.0	0.0	---	0.00	0.0	---	2.6	2.6	2.6	1034.2	0.00	0.0	0.328	0.000	17.0	55	7.9	16.2	10.25	 .0768	666	3	100.0	30
02/06/22	12:30 a	2.4	2.6	2.3	96	1.8	0.0	---	0.00	0.0	---	2.4	2.4	2.4	1033.8	0.00	0.0	0.332	0.000	16.9	56	8.1	16.1	10.45	 .0767	569	3	87.4	30
02/06/22	1:00 a	2.1	2.4	2.1	96	1.5	0.0	---	0.00	0.0	---	2.1	2.1	2.1	1033.4	0.00	0.0	0.339	0.000	16.7	56	7.9	15.9	10.45	 .0768	666	3	100.0	30
02/06/22	1:30 a	2.3	2.3	2.0	97	1.9	0.0	NW	0.00	0.4	NW	2.3	2.3	2.3	1033.6	0.00	0.0	0.334	0.000	16.7	55	7.6	15.9	10.25	 .0768	662	3	100.0	30
02/06/22	2:00 a	2.3	2.3	2.3	97	1.9	0.0	---	0.00	0.0	---	2.3	2.3	2.3	1033.1	0.00	0.0	0.333	0.000	16.3	55	7.3	15.4	10.25	 .0769	666	3	100.0	30
02/06/22	2:30 a	2.7	2.7	2.3	97	2.3	0.0	---	0.00	0.0	---	2.7	2.7	2.7	1033.0	0.00	0.0	0.325	0.000	16.2	55	7.1	15.3	10.25	 .0769	668	3	100.0	30
02/06/22	3:00 a	2.6	2.8	2.6	97	2.1	0.0	---	0.00	0.0	---	2.6	2.6	2.6	1033.6	0.00	0.0	0.329	0.000	16.2	55	7.1	15.3	10.25	 .0770	667	3	100.0	30
02/06/22	3:30 a	2.2	2.6	2.1	97	1.7	0.0	---	0.00	0.0	---	2.2	2.2	2.2	1033.2	0.00	0.0	0.337	0.000	16.2	55	7.1	15.3	10.25	 .0769	667	3	100.0	30
02/06/22	4:00 a	2.8	2.8	2.2	97	2.3	0.0	---	0.00	0.0	---	2.8	2.8	2.8	1033.2	0.00	0.0	0.324	0.000	16.2	55	7.1	15.3	10.25	 .0769	666	3	100.0	30
02/06/22	4:30 a	2.8	2.8	2.7	97	2.4	0.0	---	0.00	0.0	---	2.8	2.8	2.8	1032.4	0.00	0.0	0.323	0.000	16.3	55	7.2	15.4	10.25	 .0769	664	3	100.0	30
02/06/22	5:00 a	2.9	2.9	2.8	97	2.5	0.0	---	0.00	0.0	---	2.9	2.9	2.9	1032.4	0.00	0.0	0.321	0.000	16.2	55	7.2	15.3	10.25	 .0769	666	3	100.0	30
02/06/22	5:30 a	3.1	3.2	2.9	97	2.7	0.0	---	0.00	0.0	---	3.1	3.1	3.1	1032.3	0.00	0.0	0.317	0.000	16.3	55	7.3	15.4	10.25	 .0768	664	3	100.0	30
02/06/22	6:00 a	3.4	3.4	3.1	97	3.0	0.0	---	0.00	0.0	---	3.4	3.4	3.4	1032.3	0.00	0.0	0.311	0.000	16.3	54	6.9	15.3	10.15	 .0769	667	3	100.0	30
02/06/22	6:30 a	3.4	3.4	3.3	97	3.0	0.0	---	0.00	0.0	---	3.4	3.4	3.4	1031.9	0.00	0.0	0.311	0.000	16.3	54	7.0	15.4	10.15	 .0768	664	3	100.0	30
02/06/22	7:00 a	3.2	3.4	3.2	97	2.7	0.0	---	0.00	0.0	---	3.2	3.2	3.2	1032.1	0.00	0.0	0.316	0.000	16.2	54	6.9	15.3	10.15	 .0769	664	3	100.0	30
02/06/22	7:30 a	2.8	3.2	2.8	97	2.4	0.0	---	0.00	0.0	---	2.8	2.8	2.8	1032.0	0.00	0.0	0.323	0.000	16.4	54	7.1	15.5	10.15	 .0768	660	3	100.0	30
02/06/22	8:00 a	2.3	2.8	2.3	96	1.8	0.0	---	0.00	0.0	---	2.3	2.3	2.3	1032.3	0.00	0.0	0.333	0.000	16.2	54	6.9	15.3	10.15	 .0769	660	3	100.0	30
02/06/22	8:30 a	2.7	2.7	2.2	97	2.2	0.0	---	0.00	0.0	---	2.7	2.7	2.7	1032.3	0.00	0.0	0.326	0.000	16.3	54	7.0	15.4	10.15	 .0768	664	3	100.0	30
02/06/22	9:00 a	6.4	6.4	2.7	98	6.1	0.0	---	0.00	0.0	---	6.4	6.6	6.6	1031.9	0.00	0.0	0.249	0.000	16.2	54	6.9	15.3	10.15	 .0768	661	3	100.0	30
02/06/22	9:30 a	7.1	7.3	6.4	92	5.8	0.0	NW	0.00	1.8	W	7.1	7.1	7.1	1031.7	0.00	0.0	0.235	0.000	16.1	54	6.7	15.1	10.15	 .0769	668	3	100.0	30
02/06/22	10:00 a	7.8	7.8	7.0	88	6.0	0.0	NNW	0.00	1.8	WNW	7.8	7.9	7.9	1031.8	0.00	0.0	0.219	0.000	16.2	54	6.8	15.2	10.15	 .0769	667	3	100.0	30
02/06/22	10:30 a	8.4	8.4	7.8	86	6.2	0.0	WNW	0.00	0.9	WNW	8.4	8.4	8.4	1031.7	0.00	0.0	0.207	0.000	16.3	56	7.5	15.4	10.45	 .0768	667	3	100.0	30
02/06/22	11:00 a	9.2	9.2	8.4	82	6.3	0.0	N	0.00	1.3	NNE	9.2	9.2	9.2	1031.5	0.00	0.0	0.191	0.000	16.4	57	7.9	15.7	10.58	 .0767	664	3	100.0	30
02/06/22	11:30 a	9.9	9.9	9.2	80	6.7	0.0	NNW	0.00	1.3	NNW	9.9	9.9	9.9	1031.0	0.00	0.0	0.175	0.000	16.5	57	7.9	15.7	10.58	 .0767	666	3	100.0	30
02/06/22	12:00 p	10.8	10.8	9.9	75	6.5	0.0	NNW	0.00	1.3	NNW	10.8	10.6	10.6	1030.4	0.00	0.0	0.157	0.000	16.4	57	7.9	15.7	10.58	 .0766	667	3	100.0	30
02/06/22	12:30 p	9.1	10.8	9.1	80	5.8	0.4	NNW	0.80	1.3	NNW	9.1	9.0	9.0	1029.7	0.00	0.0	0.193	0.000	16.8	60	9.0	16.1	11.11	 .0764	665	3	100.0	30
02/06/22	1:00 p	8.7	9.1	8.6	82	5.8	0.4	N	0.80	1.8	N	8.7	8.6	8.6	1029.4	0.00	0.0	0.201	0.000	16.7	61	9.1	16.1	11.25	 .0764	666	3	100.0	30
02/06/22	1:30 p	9.0	9.0	8.7	81	5.9	0.4	NNW	0.80	1.3	N	9.0	8.9	8.9	1028.5	0.00	0.0	0.194	0.000	17.4	61	9.8	16.9	11.25	 .0761	667	3	100.0	30
02/06/22	2:00 p	9.3	9.3	9.0	79	5.9	0.4	NNW	0.80	1.8	NNW	9.3	9.3	9.3	1027.9	0.00	0.0	0.188	0.000	17.4	59	9.3	16.8	10.95	 .0761	668	3	100.0	30
02/06/22	2:30 p	9.7	9.7	9.3	77	5.9	0.0	NNE	0.00	1.3	N	9.7	9.6	9.6	1027.5	0.00	0.0	0.179	0.000	17.2	58	8.8	16.5	10.75	 .0762	667	3	100.0	30
02/06/22	3:00 p	9.9	9.9	9.7	76	5.9	0.0	WNW	0.00	0.9	NW	9.9	9.8	9.8	1027.1	0.00	0.0	0.175	0.000	17.1	57	8.5	16.4	10.61	 .0762	666	3	100.0	30
02/06/22	3:30 p	9.7	10.0	9.7	77	5.9	0.0	WSW	0.00	0.9	WSW	9.7	9.6	9.6	1026.8	0.00	0.0	0.179	0.000	17.3	56	8.4	16.6	10.45	 .0761	669	3	100.0	30
02/06/22	4:00 p	9.3	9.7	9.3	79	5.9	0.0	WSW	0.00	0.4	WSW	9.3	9.3	9.3	1026.4	0.00	0.0	0.188	0.000	17.2	55	8.0	16.4	10.25	 .0761	664	3	100.0	30
02/06/22	4:30 p	9.0	9.3	9.0	79	5.6	0.0	---	0.00	0.0	---	9.0	8.9	8.9	1025.9	0.00	0.0	0.194	0.000	17.1	55	8.0	16.3	10.25	 .0761	664	3	100.0	30
02/06/22	5:00 p	8.4	9.0	8.4	82	5.5	0.0	---	0.00	0.0	---	8.4	8.4	8.4	1025.4	0.00	0.0	0.206	0.000	17.1	54	7.7	16.3	10.15	 .0761	667	3	100.0	30
02/06/22	5:30 p	7.8	8.4	7.8	85	5.4	0.0	---	0.00	0.0	---	7.8	7.8	7.8	1025.4	0.00	0.0	0.220	0.000	17.5	54	8.1	16.7	10.15	 .0760	665	3	100.0	30
02/06/22	6:00 p	7.2	7.8	7.2	88	5.4	0.0	---	0.00	0.0	---	7.2	7.2	7.2	1025.2	0.00	0.0	0.231	0.000	19.2	53	9.4	18.5	9.92	 .0754	670	3	100.0	30
02/06/22	6:30 p	6.6	7.2	6.6	89	4.9	0.0	---	0.00	0.0	---	6.6	6.7	6.7	1024.6	0.00	0.0	0.244	0.000	19.1	53	9.3	18.4	9.92	 .0754	664	3	100.0	30
02/06/22	7:00 p	6.1	6.6	6.1	91	4.7	0.0	---	0.00	0.0	---	6.1	6.1	6.1	1024.9	0.00	0.0	0.256	0.000	19.1	55	9.8	18.5	10.22	 .0754	664	3	100.0	30
02/06/22	7:30 p	5.5	6.1	5.5	91	4.1	0.0	---	0.00	0.0	---	5.5	5.5	5.5	1024.8	0.00	0.0	0.267	0.000	19.1	60	11.2	18.8	11.05	 .0753	666	3	100.0	30
02/06/22	8:00 p	5.0	5.5	5.0	93	4.0	0.0	---	0.00	0.0	---	5.0	5.0	5.0	1024.9	0.00	0.0	0.278	0.000	19.1	61	11.4	18.8	11.25	 .0753	669	3	100.0	30
02/06/22	8:30 p	4.6	5.0	4.6	94	3.7	0.0	---	0.00	0.0	---	4.6	4.7	4.7	1024.7	0.00	0.0	0.286	0.000	18.9	60	11.0	18.6	11.05	 .0754	663	3	100.0	30
02/06/22	9:00 p	4.6	4.7	4.5	94	3.7	0.0	---	0.00	0.0	---	4.6	4.6	4.6	1025.1	0.00	0.0	0.287	0.000	18.6	59	10.4	18.1	10.95	 .0755	667	3	100.0	30
02/06/22	9:30 p	4.3	4.6	4.3	94	3.5	0.0	---	0.00	0.0	---	4.3	4.3	4.3	1024.9	0.00	0.0	0.292	0.000	18.4	58	10.0	17.9	10.75	 .0756	666	3	100.0	30
02/06/22	10:00 p	4.5	4.5	4.2	96	3.9	0.0	SSW	0.00	0.4	SW	4.5	4.6	4.6	1024.9	0.00	0.0	0.288	0.000	18.3	57	9.7	17.8	10.65	 .0756	668	3	100.0	30
02/06/22	10:30 p	4.6	4.6	4.5	95	3.8	0.0	SSW	0.00	0.4	SSW	4.6	4.6	4.6	1025.2	0.00	0.0	0.287	0.000	18.1	57	9.4	17.4	10.64	 .0757	668	3	100.0	30
02/06/22	11:00 p	4.2	4.6	4.2	95	3.4	0.0	---	0.00	0.0	---	4.2	4.2	4.2	1025.0	0.00	0.0	0.295	0.000	17.8	59	9.7	17.3	10.95	 .0758	667	3	100.0	30
02/06/22	11:30 p	4.1	4.2	3.9	96	3.5	0.0	SSW	0.00	0.4	SSW	4.1	4.2	4.2	1025.3	0.00	0.0	0.296	0.000	17.6	59	9.5	17.1	10.95	 .0758	667	3	100.0	30
02/07/22	12:00 a	4.1	4.3	4.1	95	3.3	0.0	---	0.00	0.0	---	4.1	4.1	4.1	1025.2	0.00	0.0	0.297	0.000	17.3	59	9.2	16.7	10.95	 .0759	663	3	100.0	30
02/07/22	12:30 a	5.8	5.8	4.1	95	5.0	0.4	SSE	0.80	2.2	SSE	5.8	5.8	5.8	1025.2	0.00	0.0	0.262	0.000	17.1	59	9.0	16.4	10.95	 .0760	666	3	100.0	30
02/07/22	1:00 a	6.7	6.7	5.8	90	5.2	0.9	SE	1.61	3.6	SSE	6.7	6.8	6.8	1025.0	0.00	0.0	0.242	0.000	16.8	59	8.8	16.2	10.95	 .0761	667	3	100.0	30
02/07/22	1:30 a	7.4	7.4	6.7	85	5.0	0.9	SE	1.61	3.1	SSE	7.4	7.3	7.3	1023.9	0.00	0.0	0.228	0.000	16.8	59	8.8	16.2	10.95	 .0760	668	3	100.0	30
02/07/22	2:00 a	7.7	7.7	7.4	83	5.0	0.4	SE	0.80	3.1	SE	7.7	7.6	7.6	1025.2	0.00	0.0	0.222	0.000	16.8	59	8.8	16.2	10.95	 .0761	670	3	100.0	30
02/07/22	2:30 a	7.6	7.7	7.5	85	5.2	0.4	ESE	0.80	1.8	S	7.6	7.6	7.6	1025.0	0.00	0.0	0.225	0.000	16.8	58	8.5	16.1	10.75	 .0761	665	3	100.0	30
02/07/22	3:00 a	7.2	7.6	7.2	85	4.9	0.9	SE	1.61	2.7	ESE	7.2	7.2	7.2	1024.5	0.00	0.0	0.231	0.000	16.9	58	8.6	16.2	10.75	 .0760	669	3	100.0	30
02/07/22	3:30 a	7.2	7.3	7.2	85	4.8	0.4	SE	0.80	3.1	SSE	7.2	7.1	7.1	1025.4	0.00	0.0	0.233	0.000	17.1	58	8.7	16.4	10.75	 .0760	666	3	100.0	30
02/07/22	4:00 a	6.5	7.2	6.5	88	4.7	0.0	ESE	0.00	1.3	ESE	6.5	6.5	6.5	1025.1	0.00	0.0	0.247	0.000	16.9	57	8.4	16.2	10.60	 .0761	666	3	100.0	30
02/07/22	4:30 a	6.3	6.5	6.3	89	4.7	0.4	SE	0.80	2.2	SSE	6.3	6.3	6.3	1024.9	0.00	0.0	0.250	0.000	16.9	57	8.4	16.2	10.60	 .0760	669	3	100.0	30
02/07/22	5:00 a	6.7	6.7	6.3	86	4.5	0.4	SE	0.80	1.8	SSE	6.7	6.6	6.6	1025.2	0.00	0.0	0.243	0.000	17.0	57	8.4	16.3	10.60	 .0761	665	3	100.0	30
02/07/22	5:30 a	7.0	7.0	6.6	87	5.0	0.0	SE	0.00	1.3	E	7.0	7.0	7.0	1025.5	0.00	0.0	0.236	0.000	16.9	57	8.4	16.2	10.60	 .0761	668	3	100.0	30
02/07/22	6:00 a	7.3	7.3	6.9	86	5.1	0.0	SSW	0.00	2.2	N	7.3	7.3	7.3	1026.0	0.00	0.0	0.229	0.000	17.0	56	8.2	16.2	10.45	 .0761	665	3	100.0	30
02/07/22	6:30 a	7.5	7.5	7.3	87	5.5	0.4	SSW	0.80	0.9	SE	7.5	7.5	7.5	1026.5	0.00	0.0	0.226	0.000	17.1	56	8.3	16.3	10.45	 .0761	666	3	100.0	30
02/07/22	7:00 a	7.4	7.6	7.4	88	5.6	0.4	SE	0.80	1.8	E	7.4	7.4	7.4	1026.7	0.00	0.0	0.227	0.000	17.1	56	8.2	16.3	10.45	 .0762	665	3	100.0	30
02/07/22	7:30 a	7.3	7.5	7.3	89	5.6	0.4	S	0.80	1.3	E	7.3	7.4	7.4	1027.1	0.00	0.0	0.229	0.000	17.1	56	8.2	16.3	10.45	 .0762	667	3	100.0	30
02/07/22	8:00 a	7.3	7.4	7.3	90	5.7	0.4	N	0.80	1.8	SSE	7.3	7.3	7.3	1027.6	0.00	0.0	0.230	0.000	17.1	56	8.3	16.3	10.45	 .0762	667	3	100.0	30
02/07/22	8:30 a	7.3	7.3	7.3	91	6.0	0.0	SW	0.00	1.3	S	7.3	7.4	7.4	1027.9	0.00	0.0	0.229	0.000	17.0	56	8.2	16.2	10.45	 .0763	666	3	100.0	30
02/07/22	9:00 a	7.4	7.5	7.3	91	6.1	0.4	SW	0.80	1.8	S	7.4	7.5	7.5	1029.0	0.00	0.0	0.227	0.000	16.9	56	8.1	16.2	10.45	 .0764	664	3	100.0	30
02/07/22	9:30 a	7.6	7.6	7.4	91	6.2	0.4	E	0.80	1.8	N	7.6	7.6	7.6	1029.5	0.00	0.0	0.225	0.000	16.9	56	8.1	16.2	10.45	 .0764	668	3	100.0	30
02/07/22	10:00 a	7.6	7.7	7.6	92	6.4	0.0	SSE	0.00	1.3	N	7.6	7.7	7.7	1030.3	0.00	0.0	0.223	0.000	16.9	56	8.1	16.1	10.45	 .0765	668	3	100.0	30
02/07/22	10:30 a	7.7	7.7	7.6	93	6.7	0.0	SSE	0.00	1.8	SSE	7.7	7.8	7.8	1030.9	0.00	0.0	0.221	0.000	16.9	56	8.1	16.2	10.45	 .0765	665	3	100.0	30
02/07/22	11:00 a	8.1	8.1	7.7	93	7.0	0.0	WSW	0.00	0.9	WSW	8.1	8.2	8.2	1031.1	0.00	0.0	0.214	0.000	17.0	56	8.2	16.2	10.45	 .0765	662	3	100.0	30
02/07/22	11:30 a	8.2	8.2	8.1	93	7.2	0.0	S	0.00	1.3	NW	8.2	8.4	8.4	1030.7	0.00	0.0	0.211	0.000	17.1	56	8.2	16.3	10.45	 .0765	667	3	100.0	30
02/07/22	12:00 p	8.4	8.4	8.2	94	7.5	0.0	WSW	0.00	0.9	SSE	8.4	8.6	8.6	1030.9	0.00	0.0	0.207	0.000	17.1	56	8.3	16.3	10.45	 .0765	667	3	100.0	30
02/07/22	12:30 p	8.6	8.6	8.4	95	7.8	0.0	NW	0.00	1.3	NNW	8.6	8.7	8.7	1030.7	0.00	0.0	0.204	0.000	17.2	56	8.3	16.4	10.45	 .0764	661	3	100.0	30
02/07/22	1:00 p	8.8	8.8	8.6	94	7.9	0.0	NNE	0.00	0.9	SE	8.8	8.9	8.9	1030.7	0.00	0.0	0.199	0.000	17.2	58	8.8	16.5	10.75	 .0764	666	3	100.0	30
02/07/22	1:30 p	9.1	9.1	8.8	93	8.0	0.0	SSE	0.00	0.9	S	9.1	9.3	9.3	1030.8	0.00	0.0	0.192	0.000	17.3	58	8.9	16.6	10.75	 .0764	666	3	100.0	30
02/07/22	2:00 p	10.0	10.0	9.1	90	8.4	0.0	SSE	0.00	0.4	SSE	10.0	10.2	10.2	1030.9	0.00	0.0	0.174	0.000	17.1	57	8.5	16.4	10.61	 .0764	665	3	100.0	30
02/07/22	2:30 p	10.4	10.4	10.0	86	8.2	0.0	E	0.00	0.4	E	10.4	10.5	10.5	1031.1	0.00	0.0	0.164	0.000	17.3	57	8.7	16.6	10.61	 .0764	667	3	100.0	30
02/07/22	3:00 p	10.8	10.8	10.4	84	8.2	0.0	E	0.00	0.9	E	10.8	10.8	10.8	1031.6	0.00	0.0	0.156	0.000	17.1	57	8.5	16.4	10.61	 .0765	667	3	100.0	30
02/07/22	3:30 p	10.9	11.0	10.8	81	7.8	0.0	ESE	0.00	0.9	ESE	10.9	10.9	10.9	1031.9	0.00	0.0	0.154	0.000	17.2	57	8.6	16.4	10.61	 .0765	662	3	100.0	30
02/07/22	4:00 p	10.3	10.9	10.3	85	7.9	0.4	NE	0.80	1.8	ESE	10.3	10.3	10.3	1032.2	0.00	0.0	0.167	0.000	17.2	57	8.6	16.5	10.61	 .0765	665	3	100.0	30
02/07/22	4:30 p	10.2	10.3	10.2	84	7.6	0.4	ENE	0.80	1.8	ENE	10.2	10.2	10.2	1032.6	0.00	0.0	0.170	0.000	17.2	57	8.6	16.5	10.61	 .0765	663	3	100.0	30
02/07/22	5:00 p	10.1	10.2	10.1	86	7.8	0.0	E	0.00	0.4	E	10.1	10.1	10.1	1033.0	0.00	0.0	0.172	0.000	17.3	57	8.7	16.6	10.61	 .0765	665	3	100.0	30
02/07/22	5:30 p	9.7	10.1	9.7	85	7.3	0.0	E	0.00	0.4	E	9.7	9.7	9.7	1033.1	0.00	0.0	0.181	0.000	17.3	57	8.7	16.6	10.61	 .0766	669	3	100.0	30
02/07/22	6:00 p	9.3	9.7	9.3	86	7.1	0.0	E	0.00	0.4	E	9.3	9.3	9.3	1033.5	0.00	0.0	0.189	0.000	17.3	57	8.7	16.6	10.61	 .0766	663	3	100.0	30
02/07/22	6:30 p	9.3	9.3	9.1	89	7.6	0.0	ENE	0.00	1.3	ENE	9.3	9.4	9.4	1033.9	0.00	0.0	0.189	0.000	17.4	57	8.8	16.7	10.62	 .0766	668	3	100.0	30
02/07/22	7:00 p	9.4	9.4	9.3	88	7.5	0.0	ESE	0.00	1.8	ENE	9.4	9.5	9.5	1033.6	0.00	0.0	0.186	0.000	17.2	57	8.6	16.5	10.61	 .0766	669	3	100.0	30
02/07/22	7:30 p	9.2	9.4	9.2	85	6.8	0.0	ENE	0.00	0.9	ENE	9.2	9.3	9.3	1033.7	0.00	0.0	0.190	0.000	17.3	57	8.7	16.6	10.61	 .0766	664	3	100.0	30
02/07/22	8:00 p	8.8	9.2	8.8	89	7.1	0.0	---	0.00	0.0	---	8.8	8.9	8.9	1034.0	0.00	0.0	0.199	0.000	17.2	58	8.9	16.6	10.75	 .0766	665	3	100.0	30
02/07/22	8:30 p	8.7	8.8	8.7	90	7.1	0.0	---	0.00	0.0	---	8.7	8.8	8.8	1034.1	0.00	0.0	0.201	0.000	17.2	58	8.9	16.6	10.75	 .0766	668	3	100.0	30
02/07/22	9:00 p	8.4	8.7	8.4	90	6.9	0.0	---	0.00	0.0	---	8.4	8.6	8.6	1034.3	0.00	0.0	0.206	0.000	17.2	59	9.1	16.5	10.95	 .0767	664	3	100.0	30
02/07/22	9:30 p	8.5	8.6	8.4	91	7.1	0.0	ENE	0.00	0.4	ENE	8.5	8.6	8.6	1034.8	0.00	0.0	0.205	0.000	17.2	59	9.1	16.6	10.95	 .0767	666	3	100.0	30
02/07/22	10:00 p	8.3	8.6	8.3	89	6.6	0.0	SSE	0.00	1.3	S	8.3	8.4	8.4	1035.2	0.00	0.0	0.209	0.000	17.2	59	9.1	16.5	10.95	 .0767	667	3	100.0	30
02/07/22	10:30 p	7.9	8.3	7.9	89	6.2	0.0	SSE	0.00	0.9	SSE	7.9	7.9	7.9	1035.4	0.00	0.0	0.218	0.000	17.2	59	9.1	16.5	10.95	 .0767	664	3	100.0	30
02/07/22	11:00 p	7.1	7.9	7.1	89	5.4	0.0	SSE	0.00	0.9	SSE	7.1	7.2	7.2	1035.8	0.00	0.0	0.234	0.000	17.2	59	9.1	16.6	10.95	 .0767	665	3	100.0	30
02/07/22	11:30 p	6.3	7.1	6.3	91	5.0	0.0	SSE	0.00	0.4	SSE	6.3	6.4	6.4	1036.0	0.00	0.0	0.250	0.000	17.2	58	8.9	16.6	10.75	 .0768	666	3	100.0	30
02/08/22	12:00 a	5.8	6.3	5.8	93	4.7	0.0	SSE	0.00	0.4	SSE	5.8	5.8	5.8	1036.1	0.00	0.0	0.262	0.000	17.1	58	8.8	16.4	10.75	 .0768	668	3	100.0	30
02/08/22	12:30 a	5.6	5.8	5.6	93	4.6	0.0	---	0.00	0.0	---	5.6	5.7	5.7	1036.4	0.00	0.0	0.265	0.000	17.1	58	8.7	16.4	10.75	 .0769	665	3	100.0	30
02/08/22	1:00 a	5.4	5.6	5.4	95	4.7	0.0	---	0.00	0.0	---	5.4	5.5	5.5	1037.3	0.00	0.0	0.269	0.000	17.1	58	8.8	16.4	10.75	 .0769	663	3	100.0	30
02/08/22	1:30 a	5.7	5.8	5.4	95	5.0	0.0	---	0.00	0.0	---	5.7	5.8	5.8	1037.7	0.00	0.0	0.263	0.000	17.2	58	8.9	16.6	10.75	 .0769	668	3	100.0	30
02/08/22	2:00 a	5.9	5.9	5.8	95	5.1	0.0	---	0.00	0.0	---	5.9	5.9	5.9	1037.4	0.00	0.0	0.259	0.000	17.2	58	8.8	16.5	10.75	 .0769	667	3	100.0	30
02/08/22	2:30 a	6.4	6.4	5.9	94	5.5	0.0	SSE	0.00	0.9	SSE	6.4	6.4	6.4	1037.1	0.00	0.0	0.249	0.000	17.1	59	9.0	16.4	10.95	 .0769	667	3	100.0	30
02/08/22	3:00 a	6.7	6.7	6.4	93	5.6	0.0	S	0.00	1.3	SSW	6.7	6.8	6.8	1036.5	0.00	0.0	0.243	0.000	17.1	59	9.0	16.4	10.95	 .0769	666	3	100.0	30
02/08/22	3:30 a	6.8	6.8	6.7	92	5.6	0.0	S	0.00	0.9	S	6.8	6.8	6.8	1036.4	0.00	0.0	0.241	0.000	17.1	59	9.0	16.4	10.95	 .0768	666	3	100.0	30
02/08/22	4:00 a	6.7	6.8	6.7	92	5.5	0.0	S	0.00	0.4	S	6.7	6.8	6.8	1036.7	0.00	0.0	0.242	0.000	17.0	59	8.9	16.3	10.95	 .0769	665	3	100.0	30
02/08/22	4:30 a	6.8	6.8	6.7	92	5.6	0.0	S	0.00	0.4	S	6.8	6.8	6.8	1036.5	0.00	0.0	0.241	0.000	17.2	59	9.1	16.5	10.95	 .0768	666	3	100.0	30
02/08/22	5:00 a	6.9	6.9	6.8	92	5.7	0.0	S	0.00	0.9	S	6.9	6.9	6.9	1036.7	0.00	0.0	0.238	0.000	17.2	58	8.8	16.5	10.75	 .0768	668	3	100.0	30
02/08/22	5:30 a	6.8	6.9	6.8	92	5.6	0.0	S	0.00	0.9	S	6.8	6.9	6.9	1036.9	0.00	0.0	0.240	0.000	17.1	58	8.8	16.4	10.75	 .0769	661	3	100.0	30
02/08/22	6:00 a	6.8	6.9	6.8	92	5.6	0.0	---	0.00	0.0	---	6.8	6.8	6.8	1036.8	0.00	0.0	0.241	0.000	17.2	58	8.9	16.6	10.75	 .0768	668	3	100.0	30
02/08/22	6:30 a	6.8	6.8	6.7	92	5.6	0.0	---	0.00	0.0	---	6.8	6.8	6.8	1036.5	0.00	0.0	0.241	0.000	17.2	58	8.9	16.6	10.75	 .0768	668	3	100.0	30
02/08/22	7:00 a	6.7	6.8	6.7	93	5.7	0.0	---	0.00	0.0	---	6.7	6.8	6.8	1036.6	0.00	0.0	0.242	0.000	17.2	58	8.8	16.5	10.75	 .0768	665	3	100.0	30
02/08/22	7:30 a	6.6	6.7	6.6	93	5.5	0.0	---	0.00	0.0	---	6.6	6.6	6.6	1037.0	0.00	0.0	0.245	0.000	17.2	57	8.6	16.4	10.61	 .0769	668	3	100.0	30
02/08/22	8:00 a	6.5	6.6	6.5	93	5.4	0.0	---	0.00	0.0	---	6.5	6.6	6.6	1037.3	0.00	0.0	0.247	0.000	17.3	57	8.7	16.6	10.61	 .0769	660	3	100.0	30
02/08/22	8:30 a	6.6	6.6	6.5	94	5.7	0.0	---	0.00	0.0	---	6.6	6.7	6.7	1037.6	0.00	0.0	0.244	0.000	17.2	57	8.6	16.5	10.61	 .0769	662	3	100.0	30
02/08/22	9:00 a	6.9	6.9	6.6	93	5.8	0.0	---	0.00	0.0	---	6.9	7.0	7.0	1038.0	0.00	0.0	0.238	0.000	17.3	59	9.2	16.7	10.95	 .0769	665	3	100.0	30
02/08/22	9:30 a	7.4	7.4	6.9	92	6.2	0.0	---	0.00	0.0	---	7.4	7.6	7.6	1037.9	0.00	0.0	0.227	0.000	17.3	59	9.2	16.7	10.95	 .0769	668	3	100.0	30
02/08/22	10:00 a	8.3	8.3	7.4	88	6.5	0.0	SSE	0.00	1.3	SSE	8.3	8.4	8.4	1037.8	0.00	0.0	0.208	0.000	17.3	59	9.2	16.7	10.95	 .0769	665	3	100.0	30
02/08/22	10:30 a	9.2	9.2	8.3	84	6.7	0.0	S	0.00	0.4	NW	9.2	9.2	9.2	1038.0	0.00	0.0	0.190	0.000	17.3	58	9.0	16.7	10.75	 .0769	666	3	100.0	30
02/08/22	11:00 a	9.3	9.4	9.2	84	6.7	0.0	W	0.00	0.4	W	9.3	9.3	9.3	1037.9	0.00	0.0	0.189	0.000	17.3	58	9.0	16.7	10.75	 .0769	667	3	100.0	30
02/08/22	11:30 a	9.4	9.4	9.3	82	6.5	0.0	S	0.00	0.4	W	9.4	9.4	9.4	1037.9	0.00	0.0	0.186	0.000	17.4	58	9.0	16.7	10.75	 .0769	662	3	100.0	30
02/08/22	12:00 p	9.4	9.4	9.3	82	6.5	0.0	SSW	0.00	0.9	SSW	9.4	9.4	9.4	1037.4	0.00	0.0	0.185	0.000	17.4	58	9.0	16.7	10.75	 .0768	668	3	100.0	30
02/08/22	12:30 p	9.7	9.8	9.4	81	6.6	0.0	WSW	0.00	0.9	WSW	9.7	9.7	9.7	1036.9	0.00	0.0	0.179	0.000	17.3	58	9.0	16.7	10.75	 .0768	665	3	100.0	30
02/08/22	1:00 p	9.8	9.8	9.7	79	6.3	0.0	S	0.00	0.4	S	9.8	9.7	9.7	1037.0	0.00	0.0	0.178	0.000	17.3	58	9.0	16.7	10.75	 .0768	669	3	100.0	30
02/08/22	1:30 p	10.4	10.4	9.7	78	6.8	0.0	W	0.00	0.9	W	10.4	10.3	10.3	1036.4	0.00	0.0	0.164	0.000	17.4	58	9.1	16.8	10.75	 .0767	668	3	100.0	30
02/08/22	2:00 p	10.9	11.1	10.4	72	6.1	0.0	W	0.00	0.4	W	10.9	10.7	10.7	1036.3	0.00	0.0	0.154	0.000	17.5	58	9.1	16.9	10.75	 .0767	669	3	100.0	30
02/08/22	2:30 p	10.4	10.9	10.4	75	6.2	0.0	---	0.00	0.0	---	10.4	10.3	10.3	1037.1	0.00	0.0	0.164	0.000	17.5	58	9.1	16.9	10.75	 .0768	661	3	100.0	30
02/08/22	3:00 p	10.3	10.4	10.3	75	6.1	0.0	---	0.00	0.0	---	10.3	10.2	10.2	1036.7	0.00	0.0	0.167	0.000	17.5	59	9.4	16.9	10.95	 .0767	666	3	100.0	30
02/08/22	3:30 p	9.8	10.3	9.8	77	6.0	0.0	---	0.00	0.0	---	9.8	9.8	9.8	1037.1	0.00	0.0	0.177	0.000	17.5	59	9.4	16.9	10.95	 .0768	663	3	100.0	30
02/08/22	4:00 p	9.5	9.8	9.4	78	5.9	0.0	---	0.00	0.0	---	9.5	9.4	9.4	1036.9	0.00	0.0	0.184	0.000	17.5	58	9.1	16.9	10.75	 .0768	663	3	100.0	30
02/08/22	4:30 p	9.3	9.4	9.3	80	6.1	0.0	---	0.00	0.0	---	9.3	9.3	9.3	1036.7	0.00	0.0	0.188	0.000	17.4	58	9.1	16.8	10.75	 .0768	665	3	100.0	30
02/08/22	5:00 p	8.9	9.3	8.9	83	6.2	0.0	---	0.00	0.0	---	8.9	8.9	8.9	1036.8	0.00	0.0	0.196	0.000	17.5	59	9.4	16.9	10.95	 .0767	665	3	100.0	30
02/08/22	5:30 p	8.4	8.9	8.4	85	6.1	0.0	---	0.00	0.0	---	8.4	8.4	8.4	1036.6	0.00	0.0	0.206	0.000	17.6	58	9.2	17.0	10.75	 .0767	660	3	100.0	30
02/08/22	6:00 p	8.1	8.4	8.1	88	6.2	0.0	---	0.00	0.0	---	8.1	8.1	8.1	1036.9	0.00	0.0	0.214	0.000	17.5	59	9.4	16.9	10.95	 .0767	667	3	100.0	30
02/08/22	6:30 p	7.8	8.1	7.8	88	5.9	0.0	---	0.00	0.0	---	7.8	7.8	7.8	1036.3	0.00	0.0	0.220	0.000	17.6	58	9.2	17.0	10.75	 .0767	665	3	100.0	30
02/08/22	7:00 p	7.6	7.8	7.6	89	5.9	0.0	---	0.00	0.0	---	7.6	7.6	7.6	1036.3	0.00	0.0	0.225	0.000	17.4	58	9.1	16.8	10.75	 .0767	665	3	100.0	30
02/08/22	7:30 p	7.4	7.6	7.4	90	5.9	0.0	---	0.00	0.0	---	7.4	7.5	7.5	1036.3	0.00	0.0	0.227	0.000	17.3	59	9.2	16.7	10.95	 .0768	665	3	100.0	30
02/08/22	8:00 p	7.4	7.4	7.4	90	5.9	0.0	---	0.00	0.0	---	7.4	7.5	7.5	1036.1	0.00	0.0	0.227	0.000	17.3	60	9.5	16.7	11.09	 .0767	662	3	100.0	30
02/08/22	8:30 p	7.4	7.4	7.4	91	6.1	0.0	---	0.00	0.0	---	7.4	7.5	7.5	1035.8	0.00	0.0	0.227	0.000	17.3	61	9.7	16.8	11.25	 .0767	664	3	100.0	30
02/08/22	9:00 p	7.4	7.4	7.3	91	6.0	0.0	---	0.00	0.0	---	7.4	7.4	7.4	1035.7	0.00	0.0	0.228	0.000	17.3	60	9.4	16.7	11.09	 .0767	668	3	100.0	30
02/08/22	9:30 p	7.6	7.6	7.3	90	6.1	0.0	WNW	0.00	0.4	WNW	7.6	7.7	7.7	1036.1	0.00	0.0	0.223	0.000	17.3	59	9.2	16.7	10.95	 .0768	669	3	100.0	30
02/08/22	10:00 p	7.7	7.7	7.6	90	6.2	0.0	---	0.00	0.0	---	7.7	7.8	7.8	1036.8	0.00	0.0	0.221	0.000	17.3	59	9.2	16.7	10.95	 .0768	663	3	100.0	30
02/08/22	10:30 p	7.7	7.7	7.6	90	6.1	0.0	---	0.00	0.0	---	7.7	7.7	7.7	1036.7	0.00	0.0	0.222	0.000	17.3	59	9.2	16.7	10.95	 .0768	668	3	100.0	30
02/08/22	11:00 p	7.6	7.7	7.6	90	6.1	0.0	---	0.00	0.0	---	7.6	7.7	7.7	1036.7	0.00	0.0	0.223	0.000	17.4	59	9.3	16.8	10.95	 .0768	663	3	100.0	30
02/08/22	11:30 p	7.6	7.6	7.5	91	6.2	0.0	SSW	0.00	0.9	SSW	7.6	7.6	7.6	1036.7	0.00	0.0	0.225	0.000	17.2	58	8.9	16.6	10.75	 .0768	667	3	100.0	30
02/09/22	12:00 a	7.6	7.6	7.6	91	6.2	0.0	S	0.00	1.3	SSW	7.6	7.6	7.6	1036.7	0.00	0.0	0.225	0.000	17.4	59	9.3	16.8	10.95	 .0768	665	3	100.0	30
02/09/22	12:30 a	7.6	7.6	7.5	92	6.3	0.0	S	0.00	0.4	S	7.6	7.7	7.7	1037.2	0.25	0.0	0.225	0.000	17.3	58	9.0	16.7	10.75	 .0768	661	3	100.0	30
02/09/22	1:00 a	7.4	7.6	7.4	93	6.4	0.0	S	0.00	0.4	S	7.4	7.6	7.6	1036.7	0.00	0.0	0.227	0.000	17.3	59	9.2	16.7	10.95	 .0768	668	3	100.0	30
02/09/22	1:30 a	7.4	7.4	7.4	93	6.4	0.0	S	0.00	0.4	S	7.4	7.6	7.6	1036.4	0.00	0.0	0.227	0.000	17.3	61	9.7	16.8	11.25	 .0767	666	3	100.0	30
02/09/22	2:00 a	7.2	7.4	7.2	92	6.0	0.0	---	0.00	0.0	---	7.2	7.2	7.2	1036.7	0.00	0.0	0.233	0.000	17.3	61	9.7	16.8	11.25	 .0768	665	3	100.0	30
02/09/22	2:30 a	7.0	7.2	7.0	93	5.9	0.0	---	0.00	0.0	---	7.0	7.1	7.1	1036.8	0.00	0.0	0.236	0.000	17.3	61	9.7	16.7	11.25	 .0768	665	3	100.0	30
02/09/22	3:00 a	6.9	7.0	6.9	93	5.8	0.0	WSW	0.00	0.9	WSW	6.9	7.0	7.0	1036.9	0.00	0.0	0.238	0.000	17.2	61	9.6	16.7	11.25	 .0768	669	3	100.0	30
02/09/22	3:30 a	6.7	6.9	6.7	93	5.6	0.0	WSW	0.00	0.4	WSW	6.7	6.8	6.8	1036.9	0.00	0.0	0.243	0.000	17.3	60	9.4	16.7	11.09	 .0768	666	3	100.0	30
02/09/22	4:00 a	6.3	6.7	6.3	94	5.4	0.0	---	0.00	0.0	---	6.3	6.3	6.3	1036.7	0.00	0.0	0.251	0.000	17.3	60	9.4	16.7	11.09	 .0768	667	3	100.0	30
02/09/22	4:30 a	6.2	6.3	6.2	95	5.4	0.0	WSW	0.00	0.4	WSW	6.2	6.2	6.2	1036.3	0.00	0.0	0.253	0.000	17.2	60	9.4	16.6	11.09	 .0768	665	3	100.0	30
02/09/22	5:00 a	6.3	6.4	6.2	95	5.6	0.0	WSW	0.00	0.4	WSW	6.3	6.4	6.4	1036.3	0.00	0.0	0.250	0.000	17.2	60	9.3	16.6	11.09	 .0768	662	3	100.0	30
02/09/22	5:30 a	6.6	6.6	6.4	96	6.0	0.0	---	0.00	0.0	---	6.6	6.7	6.7	1035.9	0.00	0.0	0.245	0.000	17.2	59	9.1	16.6	10.95	 .0768	659	3	100.0	30
02/09/22	6:00 a	6.8	6.8	6.6	96	6.2	0.0	WSW	0.00	0.4	WSW	6.8	6.9	6.9	1036.4	0.00	0.0	0.241	0.000	17.3	59	9.2	16.7	10.95	 .0768	668	3	100.0	30
02/09/22	6:30 a	6.8	6.8	6.8	95	6.1	0.0	WSW	0.00	0.4	WSW	6.8	6.9	6.9	1036.9	0.00	0.0	0.240	0.000	17.3	59	9.2	16.7	10.95	 .0768	667	3	100.0	30
02/09/22	7:00 a	6.9	6.9	6.8	95	6.2	0.0	WSW	0.00	0.4	WSW	6.9	7.1	7.1	1037.3	0.00	0.0	0.237	0.000	17.2	59	9.1	16.5	10.95	 .0769	667	3	100.0	30
02/09/22	7:30 a	7.0	7.0	6.9	95	6.3	0.0	---	0.00	0.0	---	7.0	7.1	7.1	1037.4	0.00	0.0	0.236	0.000	17.2	59	9.1	16.6	10.95	 .0769	661	3	100.0	30
02/09/22	8:00 a	7.2	7.2	7.0	94	6.3	0.0	WSW	0.00	0.4	WSW	7.2	7.3	7.3	1037.4	0.00	0.0	0.233	0.000	17.3	58	8.9	16.6	10.75	 .0769	666	3	100.0	30
02/09/22	8:30 a	7.3	7.4	7.2	94	6.4	0.0	---	0.00	0.0	---	7.3	7.4	7.4	1037.3	0.00	0.0	0.229	0.000	17.2	58	8.9	16.6	10.75	 .0769	668	3	100.0	30
02/09/22	9:00 a	7.7	7.7	7.3	93	6.7	0.0	---	0.00	0.0	---	7.7	7.8	7.8	1037.5	0.00	0.0	0.221	0.000	17.3	60	9.5	16.7	11.09	 .0768	665	3	100.0	30
02/09/22	9:30 a	8.4	8.4	7.7	92	7.2	0.0	WSW	0.00	0.4	WSW	8.4	8.5	8.5	1037.3	0.00	0.0	0.207	0.000	18.0	59	9.9	17.5	10.95	 .0766	658	3	100.0	30
02/09/22	10:00 a	10.3	10.3	8.4	82	7.3	0.4	SE	0.80	1.3	SE	10.3	10.3	10.3	1037.7	0.00	0.0	0.168	0.000	17.6	58	9.2	17.0	10.75	 .0768	664	3	100.0	30
02/09/22	10:30 a	10.6	10.6	10.2	81	7.5	0.0	SE	0.00	0.9	SE	10.6	10.6	10.6	1037.3	0.00	0.0	0.161	0.000	17.4	58	9.0	16.7	10.75	 .0768	670	3	100.0	30
02/09/22	11:00 a	12.4	12.4	10.6	74	7.9	0.0	SE	0.00	1.3	ENE	12.4	12.2	12.2	1038.0	0.00	0.0	0.123	0.000	17.4	58	9.1	16.8	10.75	 .0769	667	3	100.0	30
02/09/22	11:30 a	11.7	12.5	11.7	76	7.6	0.0	S	0.00	1.8	S	11.7	11.4	11.4	1037.9	0.00	0.0	0.139	0.000	17.5	57	8.9	16.8	10.62	 .0768	666	3	100.0	30
02/09/22	12:00 p	11.7	11.8	11.7	77	7.8	0.0	S	0.00	0.9	S	11.7	11.5	11.5	1037.6	0.00	0.0	0.138	0.000	17.5	56	8.6	16.8	10.45	 .0768	663	3	100.0	30
02/09/22	12:30 p	11.9	11.9	11.7	78	8.2	0.0	S	0.00	0.9	S	11.9	11.7	11.7	1037.2	0.00	0.0	0.134	0.000	17.5	56	8.6	16.8	10.45	 .0768	666	3	100.0	30
02/09/22	1:00 p	12.3	12.3	11.9	74	7.8	0.0	SSE	0.00	1.3	SSE	12.3	12.0	12.0	1037.1	0.00	0.0	0.126	0.000	17.7	56	8.8	17.1	10.45	 .0767	669	3	100.0	30
02/09/22	1:30 p	12.7	12.7	12.2	74	8.2	0.0	E	0.00	0.9	E	12.7	12.4	12.4	1036.7	0.00	0.0	0.117	0.000	17.9	57	9.2	17.3	10.63	 .0766	665	3	100.0	30
02/09/22	2:00 p	13.0	13.0	12.7	71	7.9	0.0	NNW	0.00	1.3	NNW	13.0	12.6	12.6	1036.6	0.00	0.0	0.111	0.000	17.7	58	9.3	17.1	10.75	 .0767	666	3	100.0	30
02/09/22	2:30 p	13.2	13.2	13.0	72	8.3	0.0	NNW	0.00	0.9	NNW	13.2	12.8	12.8	1036.8	0.00	0.0	0.106	0.000	17.9	57	9.3	17.3	10.64	 .0766	668	3	100.0	30
02/09/22	3:00 p	12.7	13.2	12.7	72	7.7	0.0	NNW	0.00	1.3	NNW	12.7	12.3	12.3	1036.7	0.00	0.0	0.118	0.000	17.9	56	9.0	17.2	10.45	 .0767	666	3	100.0	30
02/09/22	3:30 p	12.3	12.7	12.3	74	7.8	0.0	NW	0.00	0.9	NW	12.3	12.0	12.0	1036.5	0.00	0.0	0.126	0.000	17.8	56	8.9	17.1	10.45	 .0767	666	3	100.0	30
02/09/22	4:00 p	12.0	12.3	11.9	75	7.7	0.0	NW	0.00	0.9	NW	12.0	11.7	11.7	1035.9	0.00	0.0	0.132	0.000	17.9	56	9.0	17.2	10.45	 .0766	666	3	100.0	30
02/09/22	4:30 p	11.7	12.0	11.7	76	7.6	0.0	NW	0.00	0.4	NW	11.7	11.4	11.4	1035.5	0.00	0.0	0.138	0.000	17.9	55	8.7	17.2	10.25	 .0766	666	3	100.0	30
02/09/22	5:00 p	11.2	11.7	11.2	78	7.5	0.0	NW	0.00	0.9	NW	11.2	11.0	11.0	1035.3	0.00	0.0	0.149	0.000	18.0	55	8.8	17.3	10.25	 .0765	664	3	100.0	30
02/09/22	5:30 p	10.4	11.2	10.4	81	7.3	0.0	NW	0.00	1.3	WNW	10.4	10.4	10.4	1035.3	0.00	0.0	0.166	0.000	17.7	55	8.6	17.0	10.25	 .0766	667	3	100.0	30
02/09/22	6:00 p	10.1	10.4	10.1	83	7.3	0.0	WNW	0.00	0.9	WNW	10.1	10.1	10.1	1035.4	0.00	0.0	0.172	0.000	17.8	55	8.6	17.1	10.25	 .0766	664	3	100.0	30
02/09/22	6:30 p	9.8	10.1	9.8	85	7.4	0.0	W	0.00	0.9	WNW	9.8	9.8	9.8	1035.1	0.00	0.0	0.178	0.000	17.7	55	8.6	17.0	10.25	 .0766	664	3	100.0	30
02/09/22	7:00 p	9.8	9.8	9.8	85	7.4	0.0	WNW	0.00	0.9	WNW	9.8	9.9	9.9	1035.3	0.00	0.0	0.177	0.000	18.1	62	10.7	17.7	11.45	 .0764	665	3	100.0	30
02/09/22	7:30 p	9.9	9.9	9.8	84	7.4	0.0	W	0.00	0.4	W	9.9	10.0	10.0	1035.1	0.00	0.0	0.175	0.000	18.1	62	10.7	17.7	11.45	 .0764	666	3	100.0	30
02/09/22	8:00 p	9.9	9.9	9.9	83	7.2	0.0	WNW	0.00	0.9	W	9.9	10.0	10.0	1034.9	0.00	0.0	0.175	0.000	17.9	61	10.3	17.4	11.25	 .0764	669	3	100.0	30
02/09/22	8:30 p	9.9	9.9	9.9	83	7.1	0.0	WNW	0.00	0.9	WNW	9.9	9.9	9.9	1034.6	0.00	0.0	0.176	0.000	17.7	60	9.9	17.2	11.07	 .0765	668	3	100.0	30
02/09/22	9:00 p	9.7	9.9	9.7	86	7.5	0.0	WNW	0.00	0.9	WNW	9.7	9.8	9.8	1034.6	0.00	0.0	0.179	0.000	17.7	59	9.6	17.2	10.95	 .0765	664	3	100.0	30
