		Temp	Hi	Low	Out	Dew	Wind	Wind	Wind	Hi	Hi	Wind	Heat	THW			Rain	Heat	Cool	In 	In	In 	In 	In 	In Air	Wind	Wind	ISS 	Arc.
Date	Time	Out	Temp	Temp	Hum	Pt.	Speed	Dir	Run	Speed	Dir	Chill	Index	Index	Bar  	Rain	Rate	D-D 	D-D 	Temp	Hum	Dew	Heat	EMC	Density	Samp	Tx 	Recept	Int.
02/09/22	12:30 a	7.6	7.6	7.5	92	6.3	0.0	S	0.00	0.4	S	7.6	7.7	7.7	1037.2	0.25	0.0	0.225	0.000	17.3	58	9.0	16.7	10.75	 .0768	661	3	100.0	30
02/09/22	1:00 a	7.4	7.6	7.4	93	6.4	0.0	S	0.00	0.4	S	7.4	7.6	7.6	1036.7	0.00	0.0	0.227	0.000	17.3	59	9.2	16.7	10.95	 .0768	668	3	100.0	30
02/09/22	1:30 a	7.4	7.4	7.4	93	6.4	0.0	S	0.00	0.4	S	7.4	7.6	7.6	1036.4	0.00	0.0	0.227	0.000	17.3	61	9.7	16.8	11.25	 .0767	666	3	100.0	30
02/09/22	2:00 a	7.2	7.4	7.2	92	6.0	0.0	---	0.00	0.0	---	7.2	7.2	7.2	1036.7	0.00	0.0	0.233	0.000	17.3	61	9.7	16.8	11.25	 .0768	665	3	100.0	30
02/09/22	2:30 a	7.0	7.2	7.0	93	5.9	0.0	---	0.00	0.0	---	7.0	7.1	7.1	1036.8	0.00	0.0	0.236	0.000	17.3	61	9.7	16.7	11.25	 .0768	665	3	100.0	30
02/09/22	3:00 a	6.9	7.0	6.9	93	5.8	0.0	WSW	0.00	0.9	WSW	6.9	7.0	7.0	1036.9	0.00	0.0	0.238	0.000	17.2	61	9.6	16.7	11.25	 .0768	669	3	100.0	30
02/09/22	3:30 a	6.7	6.9	6.7	93	5.6	0.0	WSW	0.00	0.4	WSW	6.7	6.8	6.8	1036.9	0.00	0.0	0.243	0.000	17.3	60	9.4	16.7	11.09	 .0768	666	3	100.0	30
02/09/22	4:00 a	6.3	6.7	6.3	94	5.4	0.0	---	0.00	0.0	---	6.3	6.3	6.3	1036.7	0.00	0.0	0.251	0.000	17.3	60	9.4	16.7	11.09	 .0768	667	3	100.0	30
02/09/22	4:30 a	6.2	6.3	6.2	95	5.4	0.0	WSW	0.00	0.4	WSW	6.2	6.2	6.2	1036.3	0.00	0.0	0.253	0.000	17.2	60	9.4	16.6	11.09	 .0768	665	3	100.0	30
02/09/22	5:00 a	6.3	6.4	6.2	95	5.6	0.0	WSW	0.00	0.4	WSW	6.3	6.4	6.4	1036.3	0.00	0.0	0.250	0.000	17.2	60	9.3	16.6	11.09	 .0768	662	3	100.0	30
02/09/22	5:30 a	6.6	6.6	6.4	96	6.0	0.0	---	0.00	0.0	---	6.6	6.7	6.7	1035.9	0.00	0.0	0.245	0.000	17.2	59	9.1	16.6	10.95	 .0768	659	3	100.0	30
02/09/22	6:00 a	6.8	6.8	6.6	96	6.2	0.0	WSW	0.00	0.4	WSW	6.8	6.9	6.9	1036.4	0.00	0.0	0.241	0.000	17.3	59	9.2	16.7	10.95	 .0768	668	3	100.0	30
02/09/22	6:30 a	6.8	6.8	6.8	95	6.1	0.0	WSW	0.00	0.4	WSW	6.8	6.9	6.9	1036.9	0.00	0.0	0.240	0.000	17.3	59	9.2	16.7	10.95	 .0768	667	3	100.0	30
02/09/22	7:00 a	6.9	6.9	6.8	95	6.2	0.0	WSW	0.00	0.4	WSW	6.9	7.1	7.1	1037.3	0.00	0.0	0.237	0.000	17.2	59	9.1	16.5	10.95	 .0769	667	3	100.0	30
02/09/22	7:30 a	7.0	7.0	6.9	95	6.3	0.0	---	0.00	0.0	---	7.0	7.1	7.1	1037.4	0.00	0.0	0.236	0.000	17.2	59	9.1	16.6	10.95	 .0769	661	3	100.0	30
02/09/22	8:00 a	7.2	7.2	7.0	94	6.3	0.0	WSW	0.00	0.4	WSW	7.2	7.3	7.3	1037.4	0.00	0.0	0.233	0.000	17.3	58	8.9	16.6	10.75	 .0769	666	3	100.0	30
02/09/22	8:30 a	7.3	7.4	7.2	94	6.4	0.0	---	0.00	0.0	---	7.3	7.4	7.4	1037.3	0.00	0.0	0.229	0.000	17.2	58	8.9	16.6	10.75	 .0769	668	3	100.0	30
02/09/22	9:00 a	7.7	7.7	7.3	93	6.7	0.0	---	0.00	0.0	---	7.7	7.8	7.8	1037.5	0.00	0.0	0.221	0.000	17.3	60	9.5	16.7	11.09	 .0768	665	3	100.0	30
02/09/22	9:30 a	8.4	8.4	7.7	92	7.2	0.0	WSW	0.00	0.4	WSW	8.4	8.5	8.5	1037.3	0.00	0.0	0.207	0.000	18.0	59	9.9	17.5	10.95	 .0766	658	3	100.0	30
02/09/22	10:00 a	10.3	10.3	8.4	82	7.3	0.4	SE	0.80	1.3	SE	10.3	10.3	10.3	1037.7	0.00	0.0	0.168	0.000	17.6	58	9.2	17.0	10.75	 .0768	664	3	100.0	30
02/09/22	10:30 a	10.6	10.6	10.2	81	7.5	0.0	SE	0.00	0.9	SE	10.6	10.6	10.6	1037.3	0.00	0.0	0.161	0.000	17.4	58	9.0	16.7	10.75	 .0768	670	3	100.0	30
02/09/22	11:00 a	12.4	12.4	10.6	74	7.9	0.0	SE	0.00	1.3	ENE	12.4	12.2	12.2	1038.0	0.00	0.0	0.123	0.000	17.4	58	9.1	16.8	10.75	 .0769	667	3	100.0	30
02/09/22	11:30 a	11.7	12.5	11.7	76	7.6	0.0	S	0.00	1.8	S	11.7	11.4	11.4	1037.9	0.00	0.0	0.139	0.000	17.5	57	8.9	16.8	10.62	 .0768	666	3	100.0	30
02/09/22	12:00 p	11.7	11.8	11.7	77	7.8	0.0	S	0.00	0.9	S	11.7	11.5	11.5	1037.6	0.00	0.0	0.138	0.000	17.5	56	8.6	16.8	10.45	 .0768	663	3	100.0	30
02/09/22	12:30 p	11.9	11.9	11.7	78	8.2	0.0	S	0.00	0.9	S	11.9	11.7	11.7	1037.2	0.00	0.0	0.134	0.000	17.5	56	8.6	16.8	10.45	 .0768	666	3	100.0	30
02/09/22	1:00 p	12.3	12.3	11.9	74	7.8	0.0	SSE	0.00	1.3	SSE	12.3	12.0	12.0	1037.1	0.00	0.0	0.126	0.000	17.7	56	8.8	17.1	10.45	 .0767	669	3	100.0	30
02/09/22	1:30 p	12.7	12.7	12.2	74	8.2	0.0	E	0.00	0.9	E	12.7	12.4	12.4	1036.7	0.00	0.0	0.117	0.000	17.9	57	9.2	17.3	10.63	 .0766	665	3	100.0	30
02/09/22	2:00 p	13.0	13.0	12.7	71	7.9	0.0	NNW	0.00	1.3	NNW	13.0	12.6	12.6	1036.6	0.00	0.0	0.111	0.000	17.7	58	9.3	17.1	10.75	 .0767	666	3	100.0	30
02/09/22	2:30 p	13.2	13.2	13.0	72	8.3	0.0	NNW	0.00	0.9	NNW	13.2	12.8	12.8	1036.8	0.00	0.0	0.106	0.000	17.9	57	9.3	17.3	10.64	 .0766	668	3	100.0	30
02/09/22	3:00 p	12.7	13.2	12.7	72	7.7	0.0	NNW	0.00	1.3	NNW	12.7	12.3	12.3	1036.7	0.00	0.0	0.118	0.000	17.9	56	9.0	17.2	10.45	 .0767	666	3	100.0	30
02/09/22	3:30 p	12.3	12.7	12.3	74	7.8	0.0	NW	0.00	0.9	NW	12.3	12.0	12.0	1036.5	0.00	0.0	0.126	0.000	17.8	56	8.9	17.1	10.45	 .0767	666	3	100.0	30
02/09/22	4:00 p	12.0	12.3	11.9	75	7.7	0.0	NW	0.00	0.9	NW	12.0	11.7	11.7	1035.9	0.00	0.0	0.132	0.000	17.9	56	9.0	17.2	10.45	 .0766	666	3	100.0	30
02/09/22	4:30 p	11.7	12.0	11.7	76	7.6	0.0	NW	0.00	0.4	NW	11.7	11.4	11.4	1035.5	0.00	0.0	0.138	0.000	17.9	55	8.7	17.2	10.25	 .0766	666	3	100.0	30
02/09/22	5:00 p	11.2	11.7	11.2	78	7.5	0.0	NW	0.00	0.9	NW	11.2	11.0	11.0	1035.3	0.00	0.0	0.149	0.000	18.0	55	8.8	17.3	10.25	 .0765	664	3	100.0	30
02/09/22	5:30 p	10.4	11.2	10.4	81	7.3	0.0	NW	0.00	1.3	WNW	10.4	10.4	10.4	1035.3	0.00	0.0	0.166	0.000	17.7	55	8.6	17.0	10.25	 .0766	667	3	100.0	30
02/09/22	6:00 p	10.1	10.4	10.1	83	7.3	0.0	WNW	0.00	0.9	WNW	10.1	10.1	10.1	1035.4	0.00	0.0	0.172	0.000	17.8	55	8.6	17.1	10.25	 .0766	664	3	100.0	30
02/09/22	6:30 p	9.8	10.1	9.8	85	7.4	0.0	W	0.00	0.9	WNW	9.8	9.8	9.8	1035.1	0.00	0.0	0.178	0.000	17.7	55	8.6	17.0	10.25	 .0766	664	3	100.0	30
02/09/22	7:00 p	9.8	9.8	9.8	85	7.4	0.0	WNW	0.00	0.9	WNW	9.8	9.9	9.9	1035.3	0.00	0.0	0.177	0.000	18.1	62	10.7	17.7	11.45	 .0764	665	3	100.0	30
02/09/22	7:30 p	9.9	9.9	9.8	84	7.4	0.0	W	0.00	0.4	W	9.9	10.0	10.0	1035.1	0.00	0.0	0.175	0.000	18.1	62	10.7	17.7	11.45	 .0764	666	3	100.0	30
02/09/22	8:00 p	9.9	9.9	9.9	83	7.2	0.0	WNW	0.00	0.9	W	9.9	10.0	10.0	1034.9	0.00	0.0	0.175	0.000	17.9	61	10.3	17.4	11.25	 .0764	669	3	100.0	30
02/09/22	8:30 p	9.9	9.9	9.9	83	7.1	0.0	WNW	0.00	0.9	WNW	9.9	9.9	9.9	1034.6	0.00	0.0	0.176	0.000	17.7	60	9.9	17.2	11.07	 .0765	668	3	100.0	30
02/09/22	9:00 p	9.7	9.9	9.7	86	7.5	0.0	WNW	0.00	0.9	WNW	9.7	9.8	9.8	1034.6	0.00	0.0	0.179	0.000	17.7	59	9.6	17.2	10.95	 .0765	664	3	100.0	30
02/09/22	9:30 p	9.3	9.7	9.3	87	7.2	0.0	W	0.00	0.9	WNW	9.3	9.4	9.4	1034.7	0.00	0.0	0.189	0.000	18.4	59	10.3	17.9	10.95	 .0763	665	3	100.0	30
02/09/22	10:00 p	8.4	9.3	8.4	89	6.7	0.0	WNW	0.00	0.9	WNW	8.4	8.6	8.6	1034.7	0.00	0.0	0.206	0.000	18.3	62	10.9	18.0	11.45	 .0763	664	3	100.0	30
02/09/22	10:30 p	7.6	8.4	7.6	90	6.0	0.0	WNW	0.00	0.4	WNW	7.6	7.6	7.6	1034.6	0.00	0.0	0.225	0.000	18.4	62	11.0	18.1	11.45	 .0762	664	3	100.0	30
02/09/22	11:00 p	7.1	7.6	7.1	93	6.0	0.0	WNW	0.00	0.4	WNW	7.1	7.2	7.2	1034.4	0.00	0.0	0.235	0.000	18.4	62	11.0	18.1	11.45	 .0762	667	3	100.0	30
02/09/22	11:30 p	6.8	7.1	6.8	94	5.9	0.0	WNW	0.00	0.4	WNW	6.8	6.9	6.9	1034.4	0.00	0.0	0.241	0.000	18.3	61	10.6	17.9	11.25	 .0763	664	3	100.0	30
02/10/22	12:00 a	7.2	7.2	6.8	95	6.4	0.0	NW	0.00	0.9	NW	7.2	7.3	7.3	1034.4	0.00	0.0	0.233	0.000	18.2	61	10.5	17.8	11.25	 .0763	664	3	100.0	30
02/10/22	12:30 a	7.4	7.4	7.2	95	6.6	0.0	NW	0.00	1.3	W	7.4	7.5	7.5	1034.2	0.00	0.0	0.228	0.000	17.9	62	10.6	17.6	11.45	 .0764	666	3	100.0	30
02/10/22	1:00 a	7.8	7.8	7.4	96	7.2	0.0	WNW	0.00	1.3	WNW	7.8	7.9	7.9	1034.2	0.00	0.0	0.220	0.000	17.7	62	10.3	17.3	11.45	 .0764	664	3	100.0	30
02/10/22	1:30 a	8.0	8.0	7.8	96	7.4	0.0	NW	0.00	1.3	NNW	8.0	8.2	8.2	1034.1	0.00	0.0	0.215	0.000	17.6	62	10.2	17.2	11.45	 .0765	666	3	100.0	30
02/10/22	2:00 a	8.1	8.1	8.0	96	7.5	0.0	WNW	0.00	0.9	SW	8.1	8.2	8.2	1034.3	0.00	0.0	0.214	0.000	17.6	62	10.2	17.1	11.45	 .0765	663	3	100.0	30
02/10/22	2:30 a	8.1	8.1	8.1	96	7.5	0.0	WNW	0.00	0.4	WNW	8.1	8.3	8.3	1034.2	0.00	0.0	0.213	0.000	17.4	62	10.1	17.0	11.45	 .0765	663	3	100.0	30
02/10/22	3:00 a	8.2	8.2	8.1	96	7.6	0.0	---	0.00	0.0	---	8.2	8.3	8.3	1034.1	0.00	0.0	0.212	0.000	17.4	61	9.8	16.9	11.25	 .0765	669	3	100.0	30
02/10/22	3:30 a	8.2	8.2	8.1	96	7.6	0.0	---	0.00	0.0	---	8.2	8.3	8.3	1033.9	0.00	0.0	0.212	0.000	17.4	61	9.8	16.9	11.25	 .0765	670	3	100.0	30
02/10/22	4:00 a	8.2	8.2	8.1	96	7.6	0.0	---	0.00	0.0	---	8.2	8.3	8.3	1033.7	0.00	0.0	0.212	0.000	17.4	61	9.8	16.9	11.25	 .0765	664	3	100.0	30
02/10/22	4:30 a	8.2	8.2	8.2	96	7.6	0.0	---	0.00	0.0	---	8.2	8.3	8.3	1033.7	0.00	0.0	0.212	0.000	17.4	61	9.8	16.9	11.25	 .0765	665	3	100.0	30
02/10/22	5:00 a	8.2	8.2	8.2	96	7.6	0.0	WNW	0.00	0.9	WNW	8.2	8.3	8.3	1033.7	0.00	0.0	0.212	0.000	17.4	61	9.8	16.9	11.25	 .0765	662	3	100.0	30
02/10/22	5:30 a	8.1	8.2	8.1	96	7.5	0.0	WNW	0.00	0.9	WNW	8.1	8.2	8.2	1033.6	0.00	0.0	0.214	0.000	17.4	61	9.8	16.9	11.25	 .0765	670	3	100.0	30
02/10/22	6:00 a	8.0	8.1	8.0	96	7.4	0.0	WNW	0.00	0.4	WNW	8.0	8.2	8.2	1033.5	0.25	0.0	0.215	0.000	17.3	61	9.7	16.8	11.25	 .0765	662	3	100.0	30
02/10/22	6:30 a	7.9	8.0	7.9	96	7.3	0.0	WNW	0.00	0.9	WNW	7.9	8.1	8.1	1033.1	0.00	0.0	0.216	0.000	17.3	61	9.7	16.8	11.25	 .0765	668	3	100.0	30
02/10/22	7:00 a	7.9	7.9	7.9	96	7.3	0.0	WNW	0.00	0.9	WNW	7.9	8.1	8.1	1033.2	0.00	0.0	0.218	0.000	17.3	60	9.4	16.7	11.09	 .0765	666	3	100.0	30
02/10/22	7:30 a	7.8	7.9	7.8	96	7.2	0.0	NNW	0.00	1.3	NNW	7.8	8.0	8.0	1033.1	0.00	0.0	0.219	0.000	17.3	60	9.4	16.7	11.09	 .0765	669	3	100.0	30
02/10/22	8:00 a	7.8	7.8	7.8	96	7.2	0.0	NNW	0.00	0.4	NNW	7.8	8.0	8.0	1033.3	0.00	0.0	0.219	0.000	17.3	60	9.5	16.7	11.09	 .0765	668	3	100.0	30
02/10/22	8:30 a	8.0	8.0	7.8	96	7.4	0.0	NNW	0.00	0.4	NNW	8.0	8.2	8.2	1033.5	0.00	0.0	0.215	0.000	17.2	61	9.6	16.7	11.25	 .0766	667	3	100.0	30
02/10/22	9:00 a	8.2	8.2	8.0	96	7.6	0.0	NNW	0.00	0.4	NNW	8.2	8.3	8.3	1033.6	0.00	0.0	0.212	0.000	17.1	61	9.5	16.6	11.25	 .0766	665	3	100.0	30
02/10/22	9:30 a	9.3	9.3	8.2	95	8.6	0.0	---	0.00	0.0	---	9.3	9.6	9.6	1033.1	0.00	0.0	0.188	0.000	17.2	61	9.6	16.6	11.25	 .0765	661	3	100.0	30
02/10/22	10:00 a	9.3	9.8	9.3	90	7.8	0.0	N	0.00	0.9	N	9.3	9.5	9.5	1033.6	0.00	0.0	0.188	0.000	17.2	61	9.6	16.6	11.25	 .0766	666	3	100.0	30
02/10/22	10:30 a	9.1	9.3	9.1	92	7.8	0.0	NE	0.00	1.3	ENE	9.1	9.2	9.2	1033.5	0.00	0.0	0.193	0.000	17.3	61	9.7	16.7	11.25	 .0765	664	3	100.0	30
02/10/22	11:00 a	8.9	9.1	8.9	92	7.7	0.4	SE	0.80	1.3	N	8.9	9.1	9.1	1033.5	0.00	0.0	0.197	0.000	17.2	62	9.9	16.7	11.45	 .0765	666	3	100.0	30
02/10/22	11:30 a	8.8	8.9	8.8	92	7.6	0.4	ESE	0.80	1.3	ESE	8.8	9.0	9.0	1033.6	0.00	0.0	0.198	0.000	17.3	61	9.7	16.7	11.25	 .0765	664	3	100.0	30
02/10/22	12:00 p	8.7	8.8	8.7	91	7.3	0.4	N	0.80	1.8	NW	8.7	8.8	8.8	1033.6	0.00	0.0	0.201	0.000	17.3	61	9.7	16.8	11.25	 .0765	663	3	100.0	30
02/10/22	12:30 p	9.1	9.1	8.7	90	7.6	0.4	ENE	0.80	1.3	NE	9.1	9.2	9.2	1033.1	0.00	0.0	0.192	0.000	17.3	60	9.5	16.7	11.09	 .0765	665	3	100.0	30
02/10/22	1:00 p	9.4	9.4	9.1	87	7.4	0.4	SE	0.80	1.3	NNE	9.4	9.6	9.6	1032.9	0.00	0.0	0.185	0.000	17.6	60	9.7	17.0	11.08	 .0764	661	3	100.0	30
02/10/22	1:30 p	9.4	9.6	9.4	87	7.4	0.4	SE	0.80	2.2	SSE	9.4	9.6	9.6	1032.5	0.00	0.0	0.185	0.000	17.6	60	9.7	17.0	11.08	 .0764	667	3	100.0	30
02/10/22	2:00 p	9.1	9.4	9.1	87	7.0	0.4	NNW	0.80	1.8	NNW	9.1	9.1	9.1	1032.4	0.00	0.0	0.193	0.000	17.5	60	9.6	16.9	11.08	 .0764	669	3	100.0	30
02/10/22	2:30 p	9.0	9.1	9.0	88	7.1	0.0	NNW	0.00	0.9	WSW	9.0	9.1	9.1	1032.3	0.00	0.0	0.194	0.000	17.4	59	9.3	16.8	10.95	 .0764	667	3	100.0	30
02/10/22	3:00 p	9.1	9.1	9.0	88	7.2	0.4	NNW	0.80	1.8	NW	9.1	9.2	9.2	1031.9	0.00	0.0	0.192	0.000	17.5	59	9.4	16.9	10.95	 .0764	668	3	100.0	30
02/10/22	3:30 p	8.9	9.2	8.9	87	6.9	0.4	NNW	0.80	2.2	N	8.9	9.0	9.0	1031.8	0.00	0.0	0.196	0.000	17.6	59	9.5	17.1	10.95	 .0763	665	3	100.0	30
02/10/22	4:00 p	8.8	8.9	8.8	87	6.8	0.4	NW	0.80	2.7	W	8.8	8.9	8.9	1031.9	0.00	0.0	0.198	0.000	17.7	59	9.6	17.1	10.95	 .0763	665	3	100.0	30
02/10/22	4:30 p	8.6	8.8	8.6	87	6.6	0.9	NW	1.61	3.1	NNE	8.6	8.7	8.7	1031.8	0.00	0.0	0.203	0.000	17.5	59	9.4	16.9	10.95	 .0764	662	3	100.0	30
02/10/22	5:00 p	8.4	8.6	8.4	88	6.5	0.4	NNW	0.80	1.8	NNW	8.4	8.4	8.4	1031.6	0.00	0.0	0.207	0.000	17.5	59	9.4	16.9	10.95	 .0764	663	3	100.0	30
02/10/22	5:30 p	7.9	8.4	7.9	90	6.4	0.4	NW	0.80	2.2	SW	7.9	8.0	8.0	1031.6	0.00	0.0	0.216	0.000	17.6	59	9.4	16.9	10.95	 .0763	665	3	100.0	30
02/10/22	6:00 p	7.8	7.9	7.8	91	6.4	0.9	NW	1.61	3.1	NW	7.8	7.8	7.8	1032.0	0.00	0.0	0.220	0.000	17.4	59	9.3	16.8	10.95	 .0764	664	3	100.0	30
02/10/22	6:30 p	7.8	7.8	7.8	90	6.3	0.4	NW	0.80	1.8	NNW	7.8	7.9	7.9	1032.2	0.00	0.0	0.219	0.000	17.7	60	9.8	17.2	11.07	 .0763	664	3	100.0	30
02/10/22	7:00 p	7.9	7.9	7.8	90	6.3	0.4	WNW	0.80	1.8	WNW	7.9	7.9	7.9	1032.2	0.00	0.0	0.218	0.000	17.8	63	10.6	17.4	11.65	 .0762	668	3	100.0	30
02/10/22	7:30 p	7.9	7.9	7.9	90	6.3	0.0	N	0.00	1.3	NE	7.9	7.9	7.9	1032.3	0.00	0.0	0.218	0.000	17.8	63	10.6	17.4	11.65	 .0763	667	3	100.0	30
02/10/22	8:00 p	7.8	7.9	7.8	90	6.2	0.4	NW	0.80	1.8	NW	7.8	7.8	7.8	1032.5	0.00	0.0	0.220	0.000	17.8	62	10.4	17.4	11.45	 .0763	667	3	100.0	30
02/10/22	8:30 p	7.7	7.8	7.7	90	6.1	0.4	N	0.80	1.8	NNE	7.7	7.7	7.7	1032.4	0.00	0.0	0.222	0.000	17.8	63	10.6	17.4	11.65	 .0763	668	3	100.0	30
02/10/22	9:00 p	7.5	7.7	7.5	90	6.0	0.4	E	0.80	1.3	SSE	7.5	7.6	7.6	1032.4	0.00	0.0	0.226	0.000	17.7	63	10.5	17.3	11.65	 .0763	664	3	100.0	30
02/10/22	9:30 p	7.4	7.6	7.4	91	6.1	0.0	NNW	0.00	1.3	WNW	7.4	7.5	7.5	1033.0	0.00	0.0	0.227	0.000	17.7	62	10.3	17.2	11.45	 .0764	667	3	100.0	30
02/10/22	10:00 p	7.6	7.6	7.4	90	6.0	0.4	NNW	0.80	2.2	NNW	7.6	7.6	7.6	1033.0	0.00	0.0	0.225	0.000	17.5	62	10.1	17.1	11.45	 .0764	667	3	100.0	30
02/10/22	10:30 p	7.6	7.7	7.6	89	5.9	0.0	N	0.00	1.8	NW	7.6	7.6	7.6	1032.8	0.00	0.0	0.225	0.000	17.4	61	9.8	16.9	11.25	 .0764	669	3	100.0	30
02/10/22	11:00 p	6.8	7.6	6.8	89	5.1	0.0	NE	0.00	0.9	NE	6.8	6.9	6.9	1032.9	0.00	0.0	0.240	0.000	17.5	60	9.6	16.9	11.08	 .0764	664	3	100.0	30
02/10/22	11:30 p	6.3	6.8	6.3	92	5.1	0.0	NE	0.00	0.4	NE	6.3	6.3	6.3	1032.6	0.00	0.0	0.251	0.000	17.4	61	9.8	16.9	11.25	 .0764	667	3	100.0	30
02/11/22	12:00 a	6.2	6.3	6.2	94	5.3	0.0	NE	0.00	0.4	NE	6.2	6.3	6.3	1032.5	0.00	0.0	0.252	0.000	17.5	60	9.6	16.9	11.08	 .0764	659	3	100.0	30
02/11/22	12:30 a	6.4	6.4	6.2	94	5.5	0.0	WSW	0.00	0.9	WSW	6.4	6.5	6.5	1032.5	0.00	0.0	0.248	0.000	17.6	60	9.7	17.0	11.08	 .0764	661	3	100.0	30
02/11/22	1:00 a	7.0	7.0	6.4	93	5.9	0.0	NNW	0.00	1.3	NNW	7.0	7.1	7.1	1032.5	0.00	0.0	0.236	0.000	17.3	60	9.5	16.7	11.09	 .0765	666	3	100.0	30
02/11/22	1:30 a	7.3	7.3	7.0	91	6.0	0.0	NE	0.00	1.3	E	7.3	7.4	7.4	1032.4	0.00	0.0	0.229	0.000	17.3	61	9.7	16.7	11.25	 .0765	666	3	100.0	30
02/11/22	2:00 a	7.5	7.5	7.3	90	6.0	0.4	NNW	0.80	1.3	ESE	7.5	7.6	7.6	1032.5	0.00	0.0	0.226	0.000	17.3	61	9.7	16.7	11.25	 .0765	665	3	100.0	30
02/11/22	2:30 a	7.6	7.6	7.5	90	6.0	0.4	NNW	0.80	1.3	NNW	7.6	7.6	7.6	1032.3	0.00	0.0	0.225	0.000	17.2	61	9.6	16.6	11.25	 .0765	668	3	100.0	30
02/11/22	3:00 a	7.6	7.6	7.6	90	6.1	0.4	NE	0.80	2.7	NNE	7.6	7.7	7.7	1032.2	0.00	0.0	0.223	0.000	17.2	61	9.6	16.6	11.25	 .0765	662	3	100.0	30
02/11/22	3:30 a	7.6	7.6	7.6	90	6.1	0.4	NE	0.80	2.2	NE	7.6	7.7	7.7	1032.2	0.00	0.0	0.223	0.000	17.2	61	9.6	16.7	11.25	 .0765	666	3	100.0	30
02/11/22	4:00 a	7.6	7.6	7.6	90	6.0	0.4	NNW	0.80	2.7	NNW	7.6	7.6	7.6	1032.1	0.00	0.0	0.225	0.000	17.2	61	9.6	16.7	11.25	 .0764	667	3	100.0	30
02/11/22	4:30 a	7.6	7.6	7.5	91	6.2	0.4	NW	0.80	1.8	NW	7.6	7.6	7.6	1032.2	0.00	0.0	0.225	0.000	17.2	60	9.4	16.6	11.09	 .0765	667	3	100.0	30
02/11/22	5:00 a	7.6	7.6	7.6	91	6.2	0.0	NE	0.00	1.8	S	7.6	7.6	7.6	1032.0	0.00	0.0	0.225	0.000	17.2	60	9.4	16.6	11.09	 .0765	664	3	100.0	30
02/11/22	5:30 a	7.6	7.6	7.6	91	6.2	0.0	NNW	0.00	1.3	NNE	7.6	7.6	7.6	1032.0	0.00	0.0	0.225	0.000	17.2	60	9.4	16.6	11.09	 .0765	666	3	100.0	30
02/11/22	6:00 a	7.6	7.6	7.6	90	6.0	0.4	ENE	0.80	2.7	NNW	7.6	7.6	7.6	1031.8	0.00	0.0	0.225	0.000	17.3	60	9.4	16.7	11.09	 .0764	664	3	100.0	30
02/11/22	6:30 a	7.5	7.6	7.5	90	6.0	0.4	NW	0.80	2.7	W	7.5	7.6	7.6	1032.0	0.00	0.0	0.226	0.000	17.2	60	9.3	16.6	11.09	 .0765	663	3	100.0	30
02/11/22	7:00 a	7.5	7.6	7.5	90	6.0	0.4	WNW	0.80	2.2	NE	7.5	7.6	7.6	1031.9	0.00	0.0	0.226	0.000	17.3	59	9.2	16.7	10.95	 .0764	663	3	100.0	30
02/11/22	7:30 a	7.6	7.6	7.5	89	5.9	0.4	NNW	0.80	3.1	W	7.6	7.6	7.6	1032.1	0.00	0.0	0.225	0.000	17.2	59	9.1	16.6	10.95	 .0765	668	3	100.0	30
02/11/22	8:00 a	7.6	7.6	7.6	88	5.7	0.4	N	0.80	4.0	SSW	7.6	7.6	7.6	1032.2	0.00	0.0	0.223	0.000	17.2	59	9.1	16.6	10.95	 .0765	667	3	100.0	30
02/11/22	8:30 a	7.6	7.7	7.6	88	5.7	0.4	NNE	0.80	3.1	NNE	7.6	7.6	7.6	1032.5	0.00	0.0	0.223	0.000	17.2	59	9.1	16.6	10.95	 .0765	666	3	100.0	30
02/11/22	9:00 a	7.6	7.7	7.6	87	5.6	0.4	NNW	0.80	2.7	WNW	7.6	7.6	7.6	1032.9	0.00	0.0	0.223	0.000	17.2	59	9.1	16.6	10.95	 .0765	666	3	100.0	30
02/11/22	9:30 a	7.8	7.8	7.6	86	5.6	0.4	N	0.80	1.3	S	7.8	7.8	7.8	1032.9	0.00	0.0	0.220	0.000	17.2	59	9.1	16.6	10.95	 .0765	664	3	100.0	30
02/11/22	10:00 a	7.8	7.8	7.8	85	5.5	0.4	NNE	0.80	4.0	N	7.8	7.8	7.8	1033.1	0.00	0.0	0.219	0.000	17.3	58	8.9	16.6	10.75	 .0765	661	3	100.0	30
02/11/22	10:30 a	8.1	8.1	7.8	84	5.5	0.9	NNW	1.61	4.0	WNW	8.1	8.1	8.1	1033.1	0.00	0.0	0.214	0.000	17.4	57	8.8	16.7	10.62	 .0765	664	3	100.0	30
02/11/22	11:00 a	8.3	8.3	8.1	83	5.6	0.9	NNE	1.61	3.1	NW	8.3	8.3	8.3	1033.1	0.00	0.0	0.208	0.000	17.3	57	8.7	16.6	10.61	 .0765	667	3	100.0	30
02/11/22	11:30 a	8.5	8.5	8.3	82	5.6	0.9	NE	1.61	3.6	NW	8.5	8.4	8.4	1033.3	0.00	0.0	0.205	0.000	17.5	56	8.6	16.8	10.45	 .0765	665	3	100.0	30
02/11/22	12:00 p	8.9	8.9	8.5	81	5.9	0.4	NW	0.80	2.7	W	8.9	8.9	8.9	1033.1	0.00	0.0	0.196	0.000	17.5	56	8.6	16.8	10.45	 .0765	666	3	100.0	30
02/11/22	12:30 p	9.5	9.5	8.9	79	6.0	0.4	NE	0.80	1.8	ESE	9.5	9.4	9.4	1032.8	0.00	0.0	0.184	0.000	17.6	55	8.5	16.9	10.25	 .0765	661	3	100.0	30
02/11/22	1:00 p	9.7	9.7	9.5	77	5.8	0.4	N	0.80	2.2	NE	9.7	9.6	9.6	1032.9	0.00	0.0	0.181	0.000	17.7	55	8.5	16.9	10.25	 .0764	666	3	100.0	30
02/11/22	1:30 p	9.8	9.8	9.6	77	6.0	0.9	NNW	1.61	2.7	NNW	9.8	9.8	9.8	1032.5	0.00	0.0	0.177	0.000	17.7	54	8.3	16.9	10.15	 .0764	664	3	100.0	30
02/11/22	2:00 p	10.5	10.5	9.8	75	6.3	0.4	NNW	0.80	3.1	E	10.5	10.3	10.3	1032.1	0.00	0.0	0.163	0.000	17.7	55	8.6	17.0	10.25	 .0764	664	3	100.0	30
02/11/22	2:30 p	10.8	10.8	10.5	73	6.2	0.4	NNW	0.80	2.7	NNW	10.8	10.6	10.6	1031.9	0.00	0.0	0.156	0.000	17.6	55	8.4	16.8	10.25	 .0764	662	3	100.0	30
02/11/22	3:00 p	10.6	10.8	10.6	72	5.8	0.4	NNW	0.80	2.7	E	10.6	10.4	10.4	1031.7	0.00	0.0	0.161	0.000	17.6	55	8.4	16.8	10.25	 .0764	665	3	100.0	30
02/11/22	3:30 p	10.4	10.6	10.4	74	6.0	0.4	NW	0.80	4.5	NE	10.4	10.2	10.2	1031.4	0.00	0.0	0.166	0.000	17.7	55	8.5	16.9	10.25	 .0763	669	3	100.0	30
02/11/22	4:00 p	9.9	10.4	9.9	77	6.1	0.4	NNW	0.80	1.3	ENE	9.9	9.9	9.9	1031.3	0.00	0.0	0.175	0.000	17.7	55	8.5	16.9	10.25	 .0763	667	3	100.0	30
02/11/22	4:30 p	9.6	9.9	9.6	78	5.9	0.4	WNW	0.80	1.3	W	9.6	9.4	9.4	1031.3	0.00	0.0	0.183	0.000	17.7	55	8.5	16.9	10.25	 .0763	666	3	100.0	30
02/11/22	5:00 p	9.1	9.6	9.1	80	5.8	0.4	W	0.80	1.3	SW	9.1	9.1	9.1	1031.0	0.00	0.0	0.192	0.000	17.6	55	8.5	16.9	10.25	 .0763	667	3	100.0	30
02/11/22	5:30 p	8.6	9.1	8.6	81	5.5	0.0	NW	0.00	1.3	WNW	8.6	8.5	8.5	1030.8	0.00	0.0	0.204	0.000	17.7	55	8.5	16.9	10.25	 .0763	666	3	100.0	30
02/11/22	6:00 p	7.6	8.6	7.6	84	5.1	0.0	NNW	0.00	0.9	SSW	7.6	7.6	7.6	1030.6	0.00	0.0	0.223	0.000	17.6	55	8.5	16.9	10.25	 .0763	667	3	100.0	30
02/11/22	6:30 p	6.9	7.6	6.9	87	4.9	0.0	WSW	0.00	0.9	NW	6.9	6.9	6.9	1030.4	0.00	0.0	0.238	0.000	17.7	56	8.8	17.0	10.45	 .0763	664	3	100.0	30
02/11/22	7:00 p	6.7	6.9	6.7	89	5.0	0.0	WSW	0.00	0.9	SSW	6.7	6.7	6.7	1030.4	0.00	0.0	0.243	0.000	17.5	57	8.9	16.8	10.62	 .0763	664	3	100.0	30
02/11/22	7:30 p	6.6	6.7	6.6	88	4.7	0.4	W	0.80	1.3	NW	6.6	6.6	6.6	1030.3	0.00	0.0	0.245	0.000	17.4	59	9.3	16.8	10.95	 .0763	666	3	100.0	30
02/11/22	8:00 p	6.3	6.6	6.3	88	4.5	0.0	NNW	0.00	0.9	NNW	6.3	6.3	6.3	1030.1	0.00	0.0	0.250	0.000	17.4	59	9.3	16.8	10.95	 .0763	667	3	100.0	30
02/11/22	8:30 p	6.2	6.3	6.2	89	4.5	0.0	NE	0.00	0.9	NE	6.2	6.2	6.2	1030.1	0.00	0.0	0.253	0.000	17.2	58	8.9	16.6	10.75	 .0763	662	3	100.0	30
02/11/22	9:00 p	6.0	6.2	6.0	89	4.3	0.0	N	0.00	0.9	N	6.0	6.0	6.0	1030.1	0.00	0.0	0.257	0.000	17.2	58	8.9	16.6	10.75	 .0763	667	3	100.0	30
02/11/22	9:30 p	5.9	6.0	5.9	89	4.3	0.0	WNW	0.00	0.9	W	5.9	5.9	5.9	1030.0	0.00	0.0	0.258	0.000	17.3	57	8.7	16.6	10.61	 .0763	663	3	100.0	30
02/11/22	10:00 p	5.5	5.9	5.5	89	3.8	0.0	NW	0.00	0.9	WSW	5.5	5.5	5.5	1029.9	0.00	0.0	0.267	0.000	17.3	57	8.7	16.6	10.61	 .0763	665	3	100.0	30
02/11/22	10:30 p	5.6	5.6	5.4	90	4.0	0.0	WSW	0.00	1.8	N	5.6	5.6	5.6	1029.9	0.00	0.0	0.266	0.000	17.3	57	8.7	16.6	10.61	 .0763	666	3	100.0	30
02/11/22	11:00 p	5.7	5.7	5.6	90	4.2	0.0	WSW	0.00	1.8	WSW	5.7	5.7	5.7	1029.6	0.00	0.0	0.264	0.000	17.3	57	8.7	16.6	10.61	 .0763	665	3	100.0	30
02/11/22	11:30 p	5.7	5.8	5.7	90	4.2	0.4	NW	0.80	2.2	NE	5.7	5.7	5.7	1029.5	0.00	0.0	0.264	0.000	17.3	57	8.7	16.6	10.61	 .0763	662	3	100.0	30
02/12/22	12:00 a	5.6	5.7	5.6	91	4.2	0.4	NNW	0.80	1.8	NNE	5.6	5.6	5.6	1029.4	0.00	0.0	0.266	0.000	17.3	56	8.4	16.6	10.45	 .0763	664	3	100.0	30
02/12/22	12:30 a	5.3	5.6	5.3	91	3.9	0.0	SSW	0.00	1.3	NE	5.3	5.3	5.3	1029.6	0.00	0.0	0.272	0.000	17.3	56	8.4	16.6	10.45	 .0763	667	3	100.0	30
02/12/22	1:00 a	5.3	5.3	5.2	91	3.9	0.0	NNE	0.00	1.8	N	5.3	5.3	5.3	1029.3	0.00	0.0	0.272	0.000	17.3	56	8.4	16.6	10.45	 .0763	667	3	100.0	30
02/12/22	1:30 a	5.3	5.3	5.2	90	3.8	0.0	NE	0.00	1.8	NE	5.3	5.3	5.3	1029.1	0.00	0.0	0.271	0.000	17.4	56	8.5	16.7	10.45	 .0762	668	3	100.0	30
02/12/22	2:00 a	5.2	5.3	5.2	89	3.6	0.0	NW	0.00	1.3	WNW	5.2	5.2	5.2	1029.4	0.00	0.0	0.273	0.000	17.3	56	8.5	16.6	10.45	 .0763	665	3	100.0	30
02/12/22	2:30 a	5.1	5.2	5.1	89	3.4	0.4	NNW	0.80	1.8	NNE	5.1	5.0	5.0	1028.9	0.00	0.0	0.277	0.000	17.3	56	8.4	16.6	10.45	 .0763	665	3	100.0	30
02/12/22	3:00 a	4.8	5.1	4.8	91	3.5	0.0	W	0.00	1.3	S	4.8	4.8	4.8	1028.6	0.00	0.0	0.281	0.000	17.2	55	8.1	16.4	10.25	 .0763	667	3	100.0	30
02/12/22	3:30 a	4.6	4.8	4.6	91	3.2	0.0	NW	0.00	0.9	N	4.6	4.5	4.5	1028.8	0.00	0.0	0.287	0.000	17.6	57	8.9	16.9	10.62	 .0761	666	3	100.0	30
02/12/22	4:00 a	4.4	4.6	4.4	92	3.3	0.0	WNW	0.00	1.3	NE	4.4	4.4	4.4	1028.5	0.00	0.0	0.289	0.000	17.4	59	9.3	16.8	10.95	 .0761	667	3	100.0	30
02/12/22	4:30 a	4.4	4.5	4.4	92	3.2	0.0	NNW	0.00	1.3	NE	4.4	4.4	4.4	1028.4	0.00	0.0	0.291	0.000	17.3	58	8.9	16.6	10.75	 .0762	665	3	100.0	30
02/12/22	5:00 a	4.4	4.4	4.3	91	3.0	0.0	NW	0.00	1.3	NNW	4.4	4.3	4.3	1028.2	0.00	0.0	0.291	0.000	17.2	57	8.6	16.4	10.61	 .0762	666	3	100.0	30
02/12/22	5:30 a	4.3	4.4	4.3	91	3.0	0.4	NW	0.80	3.1	NNE	4.3	4.3	4.3	1028.1	0.00	0.0	0.292	0.000	17.1	57	8.5	16.3	10.60	 .0763	669	3	100.0	30
02/12/22	6:00 a	4.3	4.3	4.3	91	2.9	0.0	WNW	0.00	1.3	WSW	4.3	4.2	4.2	1028.3	0.00	0.0	0.293	0.000	17.1	56	8.2	16.3	10.45	 .0763	665	3	100.0	30
02/12/22	6:30 a	4.1	4.3	4.1	91	2.8	0.0	NW	0.00	1.8	WNW	4.1	4.1	4.1	1028.4	0.00	0.0	0.296	0.000	17.0	56	8.2	16.2	10.45	 .0763	664	3	100.0	30
02/12/22	7:00 a	4.0	4.1	4.0	91	2.7	0.0	WSW	0.00	1.3	NE	4.0	3.9	3.9	1028.3	0.00	0.0	0.299	0.000	17.1	55	7.9	16.3	10.25	 .0763	659	3	100.0	30
02/12/22	7:30 a	4.1	4.1	4.0	90	2.6	0.0	SW	0.00	1.3	ESE	4.1	4.1	4.1	1028.5	0.00	0.0	0.296	0.000	17.0	55	7.9	16.2	10.25	 .0763	665	3	100.0	30
02/12/22	8:00 a	3.9	4.1	3.9	91	2.6	0.0	W	0.00	0.9	W	3.9	3.8	3.8	1028.5	0.00	0.0	0.301	0.000	16.9	55	7.8	16.1	10.25	 .0764	664	3	100.0	30
02/12/22	8:30 a	4.5	4.5	3.9	91	3.2	0.0	N	0.00	0.9	N	4.5	4.4	4.4	1028.4	0.00	0.0	0.288	0.000	17.0	55	7.9	16.2	10.25	 .0763	668	3	100.0	30
02/12/22	9:00 a	7.9	7.9	4.6	79	4.5	0.4	N	0.80	1.8	NNW	7.9	7.8	7.8	1028.0	0.00	0.0	0.216	0.000	17.0	54	7.6	16.2	10.15	 .0763	665	3	100.0	30
02/12/22	9:30 a	9.9	9.9	8.0	70	4.7	0.4	NE	0.80	2.2	NW	9.9	9.7	9.7	1027.8	0.00	0.0	0.176	0.000	17.0	54	7.6	16.2	10.15	 .0763	665	3	100.0	30
02/12/22	10:00 a	10.5	10.5	9.9	66	4.4	0.4	NE	0.80	1.8	NE	10.5	10.2	10.2	1027.8	0.00	0.0	0.163	0.000	17.0	54	7.6	16.2	10.15	 .0763	664	3	100.0	30
02/12/22	10:30 a	11.1	11.2	10.5	59	3.4	0.4	NW	0.80	2.7	WNW	11.1	10.6	10.6	1027.9	0.00	0.0	0.150	0.000	17.1	54	7.7	16.3	10.15	 .0763	669	3	100.0	30
02/12/22	11:00 a	11.5	11.5	11.1	59	3.8	0.4	NNW	0.80	2.2	NNW	11.5	10.9	10.9	1027.8	0.00	0.0	0.142	0.000	17.1	54	7.7	16.2	10.15	 .0763	668	3	100.0	30
02/12/22	11:30 a	11.9	11.9	11.5	56	3.4	0.4	WNW	0.80	2.7	W	11.9	11.2	11.2	1027.7	0.00	0.0	0.134	0.000	17.3	54	7.9	16.4	10.15	 .0762	666	3	100.0	30
02/12/22	12:00 p	11.9	12.1	11.9	49	1.5	0.4	NE	0.80	2.2	N	11.9	10.9	10.9	1027.4	0.00	0.0	0.134	0.000	17.3	54	7.9	16.5	10.15	 .0762	663	3	100.0	30
02/12/22	12:30 p	11.1	11.9	11.0	52	1.6	0.4	NW	0.80	1.8	NW	11.1	10.3	10.3	1027.0	0.00	0.0	0.152	0.000	17.4	53	7.8	16.6	9.95	 .0761	666	3	100.0	30
02/12/22	1:00 p	11.4	11.4	11.0	52	1.9	0.4	NW	0.80	1.8	NNW	11.4	10.6	10.6	1026.7	0.00	0.0	0.144	0.000	17.6	51	7.3	16.7	9.58	 .0761	668	3	100.0	30
02/12/22	1:30 p	12.0	12.0	11.4	53	2.7	0.4	N	0.80	1.8	NW	12.0	11.2	11.2	1026.1	0.00	0.0	0.132	0.000	17.6	50	7.0	16.6	9.38	 .0761	670	3	100.0	30
02/12/22	2:00 p	12.8	12.8	12.0	50	2.7	0.4	NNW	0.80	2.2	WNW	12.8	11.8	11.8	1025.8	0.00	0.0	0.115	0.000	17.4	49	6.6	16.3	9.22	 .0761	665	3	100.0	30
02/12/22	2:30 p	13.1	13.1	12.8	50	2.9	0.4	N	0.80	2.2	WNW	13.1	12.1	12.1	1025.5	0.00	0.0	0.110	0.000	17.5	49	6.7	16.4	9.21	 .0760	666	3	100.0	30
02/12/22	3:00 p	12.6	13.1	12.6	51	2.7	0.4	NNW	0.80	2.7	NW	12.6	11.7	11.7	1025.5	0.00	0.0	0.119	0.000	17.4	49	6.6	16.4	9.21	 .0761	665	3	100.0	30
02/12/22	3:30 p	12.1	12.6	12.1	51	2.3	0.4	NNW	0.80	3.6	ENE	12.1	11.2	11.2	1025.2	0.00	0.0	0.130	0.000	17.7	49	6.8	16.6	9.20	 .0760	663	3	100.0	30
02/12/22	4:00 p	11.8	12.1	11.8	53	2.5	0.4	WNW	0.80	2.7	W	11.8	10.9	10.9	1024.9	0.00	0.0	0.137	0.000	17.6	49	6.8	16.6	9.20	 .0760	667	3	100.0	30
02/12/22	4:30 p	11.1	11.8	11.1	55	2.4	0.4	NW	0.80	1.8	NNE	11.1	10.4	10.4	1024.6	0.00	0.0	0.150	0.000	17.6	50	7.1	16.6	9.38	 .0759	665	3	100.0	30
02/12/22	5:00 p	10.3	11.1	10.3	66	4.3	0.4	N	0.80	1.8	WNW	10.3	10.0	10.0	1024.7	0.00	0.0	0.167	0.000	17.6	50	7.1	16.6	9.38	 .0759	663	3	100.0	30
02/12/22	5:30 p	9.3	10.3	9.3	68	3.7	0.0	W	0.00	1.3	WSW	9.3	9.0	9.0	1024.6	0.00	0.0	0.189	0.000	17.6	50	7.1	16.6	9.38	 .0759	663	3	100.0	30
02/12/22	6:00 p	8.1	9.2	8.1	75	3.9	0.0	WNW	0.00	2.2	WNW	8.1	7.9	7.9	1024.6	0.00	0.0	0.214	0.000	17.6	50	7.0	16.6	9.38	 .0759	666	3	100.0	30
02/12/22	6:30 p	7.2	8.0	7.2	77	3.5	0.0	WNW	0.00	0.9	WNW	7.2	7.1	7.1	1024.6	0.00	0.0	0.231	0.000	17.6	51	7.3	16.6	9.58	 .0759	661	3	100.0	30
02/12/22	7:00 p	6.5	7.2	6.5	79	3.1	0.0	WNW	0.00	0.4	WNW	6.5	6.3	6.3	1024.5	0.00	0.0	0.247	0.000	17.6	51	7.3	16.6	9.58	 .0759	660	3	100.0	30
02/12/22	7:30 p	5.6	6.5	5.6	82	2.7	0.0	WNW	0.00	0.4	WNW	5.6	5.4	5.4	1024.6	0.00	0.0	0.266	0.000	17.6	51	7.3	16.7	9.58	 .0759	665	3	100.0	30
02/12/22	8:00 p	4.8	5.6	4.8	83	2.2	0.0	---	0.00	0.0	---	4.8	4.7	4.7	1024.6	0.00	0.0	0.281	0.000	17.5	51	7.2	16.6	9.58	 .0759	661	3	100.0	30
02/12/22	8:30 p	4.4	4.8	4.4	85	2.1	0.0	---	0.00	0.0	---	4.4	4.3	4.3	1024.5	0.00	0.0	0.291	0.000	17.4	51	7.1	16.4	9.58	 .0760	665	3	100.0	30
02/12/22	9:00 p	3.9	4.4	3.9	87	1.9	0.0	---	0.00	0.0	---	3.9	3.8	3.8	1024.6	0.00	0.0	0.301	0.000	17.5	51	7.2	16.6	9.58	 .0759	662	3	100.0	30
02/12/22	9:30 p	3.4	3.9	3.4	88	1.6	0.0	---	0.00	0.0	---	3.4	3.4	3.4	1024.5	0.00	0.0	0.310	0.000	17.5	51	7.2	16.6	9.58	 .0759	665	3	100.0	30
02/12/22	10:00 p	3.1	3.4	3.1	90	1.6	0.0	---	0.00	0.0	---	3.1	3.1	3.1	1024.7	0.00	0.0	0.317	0.000	17.3	51	7.1	16.3	9.59	 .0760	665	3	100.0	30
02/12/22	10:30 p	2.7	3.1	2.7	90	1.2	0.0	---	0.00	0.0	---	2.7	2.7	2.7	1024.6	0.00	0.0	0.325	0.000	17.4	51	7.2	16.4	9.58	 .0760	667	3	100.0	30
02/12/22	11:00 p	2.2	2.7	2.2	91	0.9	0.0	---	0.00	0.0	---	2.2	2.2	2.2	1024.5	0.00	0.0	0.336	0.000	17.3	52	7.4	16.4	9.75	 .0760	666	3	100.0	30
02/12/22	11:30 p	1.9	2.2	1.9	91	0.6	0.0	---	0.00	0.0	---	1.9	1.9	1.9	1024.4	0.00	0.0	0.341	0.000	17.2	52	7.2	16.2	9.75	 .0760	665	3	100.0	30
02/13/22	12:00 a	1.8	1.9	1.8	92	0.6	0.0	---	0.00	0.0	---	1.8	1.7	1.7	1024.4	0.00	0.0	0.345	0.000	17.1	52	7.1	16.1	9.75	 .0760	670	3	100.0	30
02/13/22	12:30 a	1.2	1.8	1.2	92	0.1	0.0	---	0.00	0.0	---	1.2	1.2	1.2	1024.4	0.00	0.0	0.356	0.000	16.9	53	7.2	16.0	9.95	 .0761	665	3	100.0	30
02/13/22	1:00 a	1.0	1.2	1.0	93	-0.0	0.0	---	0.00	0.0	---	1.0	0.9	0.9	1024.4	0.00	0.0	0.361	0.000	16.8	53	7.1	15.9	9.95	 .0761	664	3	100.0	30
02/13/22	1:30 a	0.8	1.0	0.7	94	-0.1	0.0	---	0.00	0.0	---	0.8	0.7	0.7	1024.3	0.00	0.0	0.366	0.000	16.8	53	7.1	15.9	9.95	 .0761	669	3	100.0	30
02/13/22	2:00 a	0.8	0.9	0.8	94	-0.1	0.0	---	0.00	0.0	---	0.8	0.7	0.7	1024.2	0.00	0.0	0.366	0.000	16.7	52	6.8	15.7	9.75	 .0762	666	3	100.0	30
02/13/22	2:30 a	0.7	0.8	0.7	94	-0.2	0.0	---	0.00	0.0	---	0.7	0.6	0.6	1024.2	0.00	0.0	0.368	0.000	16.8	52	6.9	15.8	9.75	 .0761	669	3	100.0	30
02/13/22	3:00 a	0.3	0.7	0.3	94	-0.5	0.0	---	0.00	0.0	---	0.3	0.3	0.3	1023.8	0.00	0.0	0.375	0.000	16.7	52	6.8	15.7	9.75	 .0761	664	3	100.0	30
02/13/22	3:30 a	0.3	0.4	0.3	95	-0.4	0.0	---	0.00	0.0	---	0.3	0.3	0.3	1023.9	0.00	0.0	0.375	0.000	16.7	52	6.8	15.7	9.75	 .0761	669	3	100.0	30
02/13/22	4:00 a	0.1	0.3	0.1	95	-0.6	0.0	---	0.00	0.0	---	0.1	0.1	0.1	1023.7	0.00	0.0	0.380	0.000	16.7	52	6.8	15.8	9.75	 .0761	668	3	100.0	30
02/13/22	4:30 a	-0.2	0.2	-0.2	94	-1.0	0.0	---	0.00	0.0	---	-0.2	-0.2	-0.2	1023.6	0.00	0.0	0.385	0.000	16.6	51	6.4	15.6	9.61	 .0761	664	3	100.0	30
02/13/22	5:00 a	-0.3	-0.1	-0.3	95	-1.0	0.0	---	0.00	0.0	---	-0.3	-0.3	-0.3	1023.7	0.00	0.0	0.388	0.000	16.7	51	6.5	15.7	9.61	 .0761	664	3	100.0	30
02/13/22	5:30 a	-0.4	-0.3	-0.4	95	-1.1	0.0	---	0.00	0.0	---	-0.4	-0.4	-0.4	1023.8	0.00	0.0	0.390	0.000	16.6	51	6.4	15.6	9.61	 .0762	667	3	100.0	30
02/13/22	6:00 a	0.2	0.2	-0.4	96	-0.3	0.0	---	0.00	0.0	---	0.2	0.2	0.2	1023.9	0.00	0.0	0.377	0.000	16.6	51	6.4	15.6	9.61	 .0762	665	3	100.0	30
02/13/22	6:30 a	0.3	0.4	0.2	96	-0.2	0.0	---	0.00	0.0	---	0.3	0.3	0.3	1023.8	0.00	0.0	0.375	0.000	16.6	51	6.4	15.6	9.61	 .0762	669	3	100.0	30
02/13/22	7:00 a	0.3	0.4	0.3	96	-0.2	0.0	---	0.00	0.0	---	0.3	0.3	0.3	1023.8	0.00	0.0	0.375	0.000	16.6	50	6.1	15.5	9.41	 .0762	665	3	100.0	30
02/13/22	7:30 a	0.6	0.6	0.3	96	0.0	0.0	---	0.00	0.0	---	0.6	0.6	0.6	1023.8	0.00	0.0	0.369	0.000	16.6	50	6.1	15.5	9.41	 .0762	667	3	100.0	30
02/13/22	8:00 a	1.0	1.0	0.6	97	0.6	0.0	---	0.00	0.0	---	1.0	0.9	0.9	1024.1	0.00	0.0	0.361	0.000	16.6	50	6.1	15.5	9.41	 .0762	666	3	100.0	30
02/13/22	8:30 a	1.4	1.4	1.0	97	1.0	0.0	WNW	0.00	0.4	WNW	1.4	1.4	1.4	1023.8	0.00	0.0	0.352	0.000	16.6	50	6.1	15.5	9.41	 .0762	670	3	100.0	30
02/13/22	9:00 a	2.2	2.2	1.4	97	1.8	0.0	---	0.00	0.0	---	2.2	2.2	2.2	1024.3	0.00	0.0	0.336	0.000	16.7	50	6.2	15.6	9.41	 .0762	665	3	100.0	30
02/13/22	9:30 a	2.7	2.7	2.2	97	2.2	0.0	---	0.00	0.0	---	2.7	2.7	2.7	1024.1	0.00	0.0	0.326	0.000	16.6	50	6.1	15.6	9.41	 .0762	665	3	100.0	30
02/13/22	10:00 a	3.1	3.1	2.7	97	2.7	0.0	WNW	0.00	0.4	WNW	3.1	3.1	3.1	1024.1	0.00	0.0	0.317	0.000	16.7	50	6.2	15.6	9.41	 .0762	668	3	100.0	30
02/13/22	10:30 a	4.0	4.0	3.1	97	3.6	0.4	S	0.80	1.3	S	4.0	4.1	4.1	1023.8	0.00	0.0	0.299	0.000	16.7	50	6.2	15.7	9.41	 .0761	666	3	100.0	30
02/13/22	11:00 a	5.3	5.3	4.0	97	4.9	0.0	S	0.00	1.3	S	5.3	5.4	5.4	1023.7	0.00	0.0	0.271	0.000	16.7	50	6.2	15.6	9.41	 .0761	667	3	100.0	30
02/13/22	11:30 a	7.8	7.8	5.3	89	6.1	0.4	SE	0.80	2.2	SSE	7.8	7.9	7.9	1023.3	0.00	0.0	0.219	0.000	16.9	50	6.4	15.9	9.40	 .0760	667	3	100.0	30
02/13/22	12:00 p	10.0	10.0	7.8	76	6.0	0.4	SE	0.80	1.3	S	10.0	9.9	9.9	1023.0	0.00	0.0	0.174	0.000	17.1	50	6.5	16.0	9.40	 .0760	666	3	100.0	30
02/13/22	12:30 p	10.0	10.2	10.0	72	5.2	0.4	SSE	0.80	0.9	S	10.0	9.8	9.8	1022.2	0.00	0.0	0.174	0.000	17.3	50	6.8	16.3	9.39	 .0758	667	3	100.0	30
02/13/22	1:00 p	10.6	10.6	10.0	69	5.2	0.4	SSE	0.80	2.2	S	10.6	10.3	10.3	1021.8	0.00	0.0	0.161	0.000	17.2	50	6.7	16.2	9.39	 .0758	667	3	100.0	30
02/13/22	1:30 p	11.8	11.8	10.6	60	4.3	0.0	S	0.00	0.9	SSE	11.8	11.2	11.2	1021.6	0.00	0.0	0.137	0.000	17.2	50	6.6	16.1	9.39	 .0758	666	3	100.0	30
02/13/22	2:00 p	13.3	13.3	11.8	52	3.7	0.0	S	0.00	0.9	SSW	13.3	12.3	12.3	1020.8	0.00	0.0	0.104	0.000	16.9	50	6.4	15.8	9.40	 .0759	668	3	100.0	30
02/13/22	2:30 p	13.7	13.7	13.3	52	4.0	0.0	SSW	0.00	0.9	SSW	13.7	12.7	12.7	1020.2	0.00	0.0	0.097	0.000	17.0	50	6.5	15.9	9.40	 .0758	669	3	100.0	30
02/13/22	3:00 p	13.9	14.0	13.7	49	3.4	0.0	SSE	0.00	1.3	ESE	13.9	12.8	12.8	1019.9	0.00	0.0	0.091	0.000	17.0	50	6.5	15.9	9.40	 .0758	666	3	100.0	30
02/13/22	3:30 p	13.7	13.9	13.7	50	3.4	0.4	SE	0.80	1.8	SSE	13.7	12.6	12.6	1019.8	0.00	0.0	0.097	0.000	17.1	49	6.3	16.0	9.24	 .0757	669	3	100.0	30
02/13/22	4:00 p	13.4	13.7	13.4	51	3.5	0.0	SSE	0.00	1.3	SSE	13.4	12.4	12.4	1019.2	0.00	0.0	0.102	0.000	17.2	49	6.4	16.1	9.23	 .0757	663	3	100.0	30
02/13/22	4:30 p	13.1	13.4	13.1	53	3.7	0.0	SSE	0.00	1.3	SSE	13.1	12.2	12.2	1018.6	0.00	0.0	0.109	0.000	17.3	50	6.8	16.2	9.39	 .0756	666	3	100.0	30
02/13/22	5:00 p	12.4	13.2	12.4	58	4.3	0.0	---	0.00	0.0	---	12.4	11.7	11.7	1018.3	0.00	0.0	0.124	0.000	17.2	49	6.4	16.1	9.23	 .0756	670	3	100.0	30
02/13/22	5:30 p	11.3	12.3	11.3	63	4.5	0.0	---	0.00	0.0	---	11.3	10.8	10.8	1018.2	0.00	0.0	0.146	0.000	17.3	51	7.1	16.3	9.59	 .0755	667	3	100.0	30
02/13/22	6:00 p	10.8	11.3	10.7	60	3.4	0.0	S	0.00	0.4	S	10.8	10.3	10.3	1018.2	0.00	0.0	0.156	0.000	17.3	50	6.8	16.3	9.39	 .0755	669	3	100.0	30
02/13/22	6:30 p	10.8	10.9	10.8	61	3.6	0.0	S	0.00	0.4	S	10.8	10.3	10.3	1018.0	0.00	0.0	0.157	0.000	17.5	51	7.2	16.6	9.58	 .0755	669	3	100.0	30
02/13/22	7:00 p	11.6	11.6	10.6	58	3.6	0.4	SE	0.80	1.8	SSE	11.6	10.9	10.9	1017.6	0.00	0.0	0.141	0.000	17.5	52	7.5	16.6	9.75	 .0754	667	3	100.0	30
02/13/22	7:30 p	11.8	11.8	11.6	57	3.5	0.4	ESE	0.80	1.8	S	11.8	11.1	11.1	1017.4	0.00	0.0	0.137	0.000	17.6	51	7.3	16.6	9.58	 .0754	665	3	100.0	30
02/13/22	8:00 p	11.2	11.8	11.2	60	3.7	0.0	SE	0.00	0.4	SE	11.2	10.6	10.6	1017.6	0.00	0.0	0.149	0.000	17.7	51	7.4	16.7	9.57	 .0754	665	3	100.0	30
02/13/22	8:30 p	10.7	11.2	10.7	64	4.1	0.0	SE	0.00	0.4	SE	10.7	10.2	10.2	1017.1	0.00	0.0	0.160	0.000	17.6	52	7.6	16.7	9.75	 .0753	668	3	100.0	30
02/13/22	9:00 p	10.6	10.7	10.5	65	4.3	0.0	SE	0.00	1.3	SE	10.6	10.2	10.2	1017.2	0.00	0.0	0.161	0.000	17.7	53	8.0	16.9	9.95	 .0753	665	3	100.0	30
02/13/22	9:30 p	10.5	10.8	10.5	65	4.2	0.0	SE	0.00	1.3	SE	10.5	10.1	10.1	1017.0	0.00	0.0	0.163	0.000	17.7	54	8.2	16.9	10.15	 .0753	665	3	100.0	30
02/13/22	10:00 p	10.2	10.5	10.2	66	4.1	0.0	SE	0.00	0.9	SE	10.2	9.8	9.8	1016.8	0.00	0.0	0.170	0.000	17.6	55	8.4	16.8	10.25	 .0753	664	3	100.0	30
02/13/22	10:30 p	9.9	10.2	9.9	67	4.1	0.4	ESE	0.80	1.8	SSE	9.9	9.7	9.7	1016.8	0.00	0.0	0.175	0.000	17.6	54	8.2	16.8	10.15	 .0753	663	3	100.0	30
02/13/22	11:00 p	9.9	10.0	9.9	69	4.5	0.4	ESE	0.80	1.8	SE	9.9	9.7	9.7	1015.8	0.00	0.0	0.176	0.000	17.5	55	8.4	16.8	10.25	 .0752	667	3	100.0	30
02/13/22	11:30 p	9.7	9.9	9.7	72	4.9	0.4	SSE	0.80	2.7	ESE	9.7	9.6	9.6	1015.2	0.00	0.0	0.179	0.000	17.5	54	8.1	16.7	10.15	 .0752	661	3	100.0	30
02/14/22	12:00 a	9.4	9.7	9.4	75	5.2	0.4	SE	0.80	2.7	SSE	9.4	9.2	9.2	1015.4	0.00	0.0	0.186	0.000	17.4	55	8.3	16.6	10.25	 .0752	662	3	100.0	30
02/14/22	12:30 a	8.8	9.4	8.8	78	5.2	0.0	S	0.00	2.2	SSE	8.8	8.7	8.7	1015.0	0.00	0.0	0.198	0.000	17.4	55	8.3	16.6	10.25	 .0752	666	3	100.0	30
02/14/22	1:00 a	8.4	8.8	8.4	80	5.1	0.0	SE	0.00	2.2	SSE	8.4	8.3	8.3	1014.3	0.00	0.0	0.207	0.000	17.4	55	8.3	16.6	10.25	 .0751	663	3	100.0	30
02/14/22	1:30 a	8.3	8.4	8.3	81	5.2	0.4	SE	0.80	2.2	SSE	8.3	8.2	8.2	1013.8	0.00	0.0	0.209	0.000	17.3	56	8.5	16.6	10.45	 .0751	667	3	100.0	30
02/14/22	2:00 a	8.1	8.3	8.1	81	5.0	0.4	SE	0.80	1.8	SE	8.1	7.9	7.9	1013.3	0.00	0.0	0.214	0.000	17.2	55	8.1	16.4	10.25	 .0751	665	3	100.0	30
02/14/22	2:30 a	8.1	8.1	8.1	81	5.0	0.4	SSE	0.80	1.8	SE	8.1	8.0	8.0	1013.4	0.00	0.0	0.213	0.000	17.3	55	8.2	16.6	10.25	 .0751	667	3	100.0	30
02/14/22	3:00 a	8.3	8.3	8.1	81	5.2	0.4	SSE	0.80	1.3	SSE	8.3	8.2	8.2	1013.3	0.00	0.0	0.209	0.000	17.4	55	8.3	16.7	10.25	 .0751	669	3	100.0	30
02/14/22	3:30 a	8.5	8.5	8.3	81	5.4	0.4	S	0.80	1.8	S	8.5	8.4	8.4	1012.9	0.00	0.0	0.205	0.000	17.4	54	8.0	16.6	10.15	 .0750	667	3	100.0	30
02/14/22	4:00 a	8.6	8.6	8.5	81	5.5	0.4	SSE	0.80	1.8	W	8.6	8.5	8.5	1012.9	0.00	0.0	0.204	0.000	17.4	54	8.0	16.6	10.15	 .0750	668	3	100.0	30
02/14/22	4:30 a	8.4	8.6	8.4	82	5.5	0.4	ESE	0.80	1.8	SSE	8.4	8.3	8.3	1013.0	0.00	0.0	0.207	0.000	17.4	54	8.0	16.6	10.15	 .0751	666	3	100.0	30
02/14/22	5:00 a	8.3	8.4	8.3	82	5.4	0.4	ESE	0.80	1.8	S	8.3	8.3	8.3	1012.7	0.00	0.0	0.208	0.000	17.5	54	8.1	16.7	10.15	 .0750	666	3	100.0	30
02/14/22	5:30 a	7.9	8.3	7.9	87	5.9	0.0	SW	0.00	1.3	SSE	7.9	7.9	7.9	1012.5	0.25	0.0	0.218	0.000	17.5	54	8.1	16.7	10.15	 .0750	666	3	100.0	30
02/14/22	6:00 a	7.5	7.9	7.4	91	6.1	0.4	ESE	0.80	1.8	SSE	7.5	7.6	7.6	1011.9	0.25	0.0	0.226	0.000	17.4	54	8.0	16.6	10.15	 .0750	667	3	100.0	30
02/14/22	6:30 a	7.2	7.5	7.2	92	6.0	0.0	SE	0.00	1.3	ESE	7.2	7.3	7.3	1011.7	0.25	0.0	0.231	0.000	17.4	54	8.0	16.6	10.15	 .0750	661	3	100.0	30
02/14/22	7:00 a	7.2	7.2	7.2	92	6.0	0.4	S	0.80	1.8	SSE	7.2	7.2	7.2	1011.2	0.00	0.0	0.233	0.000	17.4	54	8.0	16.6	10.15	 .0749	664	3	100.0	30
02/14/22	7:30 a	7.1	7.2	7.1	91	5.7	0.4	SE	0.80	1.8	SE	7.1	7.1	7.1	1010.7	0.00	0.0	0.235	0.000	17.2	55	8.1	16.4	10.25	 .0749	667	3	100.0	30
02/14/22	8:00 a	7.1	7.1	7.0	92	5.8	0.4	SE	0.80	1.3	SE	7.1	7.1	7.1	1010.5	0.25	0.0	0.235	0.000	17.3	55	8.2	16.6	10.25	 .0749	665	3	100.0	30
02/14/22	8:30 a	7.6	7.6	7.1	91	6.2	0.4	SE	0.80	1.8	SE	7.6	7.6	7.6	1010.8	0.00	0.0	0.225	0.000	17.3	55	8.1	16.5	10.25	 .0749	667	3	100.0	30
02/14/22	9:00 a	7.8	7.8	7.5	90	6.2	0.4	S	0.80	1.8	SSW	7.8	7.8	7.8	1010.9	0.00	0.0	0.220	0.000	17.3	55	8.1	16.5	10.25	 .0749	666	3	100.0	30
02/14/22	9:30 a	8.1	8.2	7.8	89	6.4	0.4	SSE	0.80	1.8	SW	8.1	8.2	8.2	1011.3	0.00	0.0	0.213	0.000	17.3	55	8.1	16.5	10.25	 .0750	667	3	100.0	30
02/14/22	10:00 a	8.2	8.2	8.1	89	6.5	0.4	WSW	0.80	1.3	S	8.2	8.2	8.2	1011.7	0.00	0.0	0.212	0.000	17.3	55	8.2	16.6	10.25	 .0750	661	3	100.0	30
02/14/22	10:30 a	7.9	8.2	7.9	91	6.6	0.4	S	0.80	1.8	WSW	7.9	8.1	8.1	1011.8	0.00	0.0	0.216	0.000	17.3	55	8.1	16.5	10.25	 .0750	665	3	100.0	30
02/14/22	11:00 a	8.0	8.0	7.9	91	6.6	0.0	W	0.00	0.9	SSW	8.0	8.1	8.1	1012.2	0.51	0.0	0.215	0.000	17.3	55	8.2	16.6	10.25	 .0750	664	3	100.0	30
02/14/22	11:30 a	8.1	8.1	8.0	91	6.7	0.0	WSW	0.00	0.9	WSW	8.1	8.2	8.2	1012.7	0.00	0.0	0.213	0.000	17.3	55	8.2	16.6	10.25	 .0750	664	3	100.0	30
02/14/22	12:00 p	7.7	8.1	7.7	92	6.5	0.0	W	0.00	0.9	WNW	7.7	7.8	7.8	1012.7	1.02	5.3	0.221	0.000	17.4	55	8.3	16.6	10.25	 .0750	667	3	100.0	30
02/14/22	12:30 p	7.7	7.8	7.7	92	6.5	0.0	WSW	0.00	0.4	W	7.7	7.8	7.8	1012.7	0.00	0.0	0.221	0.000	17.4	55	8.3	16.7	10.25	 .0750	664	3	100.0	30
02/14/22	1:00 p	7.9	7.9	7.7	92	6.7	0.0	---	0.00	0.0	---	7.9	8.1	8.1	1012.7	0.00	0.0	0.216	0.000	17.6	56	8.7	16.9	10.45	 .0749	667	3	100.0	30
02/14/22	1:30 p	8.2	8.2	7.9	91	6.8	0.0	---	0.00	0.0	---	8.2	8.3	8.3	1012.9	0.25	0.0	0.211	0.000	17.6	58	9.2	16.9	10.75	 .0749	666	3	100.0	30
02/14/22	2:00 p	8.4	8.4	8.2	91	7.0	0.0	---	0.00	0.0	---	8.4	8.5	8.5	1013.2	0.00	0.0	0.207	0.000	17.6	57	8.9	16.9	10.62	 .0750	666	3	100.0	30
02/14/22	2:30 p	8.7	8.7	8.4	90	7.2	0.0	---	0.00	0.0	---	8.7	8.8	8.8	1013.3	0.00	0.0	0.200	0.000	17.5	57	8.9	16.8	10.62	 .0750	665	3	100.0	30
02/14/22	3:00 p	9.0	9.0	8.7	88	7.1	0.0	---	0.00	0.0	---	9.0	9.1	9.1	1013.6	0.00	0.0	0.194	0.000	17.5	56	8.6	16.8	10.45	 .0750	664	3	100.0	30
02/14/22	3:30 p	9.0	9.1	8.9	85	6.6	0.0	NNW	0.00	0.9	NNW	9.0	9.0	9.0	1014.0	0.00	0.0	0.194	0.000	17.5	55	8.4	16.8	10.25	 .0751	664	3	100.0	30
02/14/22	4:00 p	9.3	9.3	9.0	86	7.1	0.0	---	0.00	0.0	---	9.3	9.3	9.3	1014.4	0.00	0.0	0.189	0.000	17.6	55	8.4	16.8	10.25	 .0751	667	3	100.0	30
02/14/22	4:30 p	9.3	9.4	9.3	84	6.8	0.0	NW	0.00	1.3	SSE	9.3	9.3	9.3	1014.9	0.00	0.0	0.188	0.000	17.7	55	8.5	16.9	10.25	 .0751	663	3	100.0	30
02/14/22	5:00 p	9.0	9.3	8.9	84	6.4	0.0	NE	0.00	0.9	E	9.0	9.0	9.0	1015.5	0.00	0.0	0.194	0.000	17.7	55	8.6	17.0	10.25	 .0751	666	3	100.0	30
02/14/22	5:30 p	8.3	9.0	8.3	85	6.0	0.0	E	0.00	0.9	E	8.3	8.3	8.3	1016.1	0.00	0.0	0.208	0.000	17.7	55	8.6	17.0	10.25	 .0752	668	3	100.0	30
02/14/22	6:00 p	7.6	8.3	7.6	85	5.2	0.0	WSW	0.00	1.3	WSW	7.6	7.6	7.6	1016.5	0.00	0.0	0.225	0.000	17.7	55	8.6	17.0	10.25	 .0752	663	3	100.0	30
02/14/22	6:30 p	7.4	7.6	7.3	88	5.6	0.4	NW	0.80	1.8	NW	7.4	7.4	7.4	1017.1	0.00	0.0	0.227	0.000	17.7	57	9.1	17.1	10.63	 .0752	663	3	100.0	30
02/14/22	7:00 p	7.5	7.6	7.4	88	5.6	0.0	WNW	0.00	1.3	NW	7.5	7.5	7.5	1017.2	0.00	0.0	0.226	0.000	17.8	59	9.7	17.2	10.95	 .0752	667	3	100.0	30
02/14/22	7:30 p	6.8	7.5	6.8	89	5.1	0.0	WNW	0.00	0.4	WNW	6.8	6.9	6.9	1017.2	0.00	0.0	0.240	0.000	17.6	58	9.2	17.0	10.75	 .0753	665	3	100.0	30
02/14/22	8:00 p	6.1	6.8	6.1	91	4.8	0.0	WNW	0.00	0.4	WNW	6.1	6.1	6.1	1017.7	0.00	0.0	0.255	0.000	17.6	58	9.2	16.9	10.75	 .0753	669	3	100.0	30
02/14/22	8:30 p	5.9	6.1	5.9	93	4.9	0.0	---	0.00	0.0	---	5.9	6.0	6.0	1017.9	0.00	0.0	0.258	0.000	17.6	58	9.2	17.0	10.75	 .0753	661	3	100.0	30
02/14/22	9:00 p	5.6	5.9	5.6	93	4.5	0.0	---	0.00	0.0	---	5.6	5.6	5.6	1018.1	0.00	0.0	0.266	0.000	17.5	58	9.1	16.9	10.75	 .0754	663	3	100.0	30
02/14/22	9:30 p	5.7	5.7	5.5	95	4.9	0.0	---	0.00	0.0	---	5.7	5.7	5.7	1018.8	0.00	0.0	0.264	0.000	17.4	59	9.3	16.8	10.95	 .0754	665	3	100.0	30
02/14/22	10:00 p	5.7	5.7	5.7	95	5.0	0.0	---	0.00	0.0	---	5.7	5.8	5.8	1019.0	0.00	0.0	0.263	0.000	17.6	60	9.7	17.1	11.08	 .0754	666	3	100.0	30
02/14/22	10:30 p	5.9	5.9	5.7	95	5.1	0.0	---	0.00	0.0	---	5.9	5.9	5.9	1019.4	0.00	0.0	0.259	0.000	17.6	59	9.5	17.1	10.95	 .0754	665	3	100.0	30
02/14/22	11:00 p	6.0	6.1	5.9	95	5.3	0.0	---	0.00	0.0	---	6.0	6.1	6.1	1019.7	0.00	0.0	0.257	0.000	17.6	58	9.2	16.9	10.75	 .0755	667	3	100.0	30
02/14/22	11:30 p	6.1	6.2	6.0	96	5.5	0.0	---	0.00	0.0	---	6.1	6.2	6.2	1020.3	0.00	0.0	0.255	0.000	17.5	58	9.1	16.9	10.75	 .0755	666	3	100.0	30
02/15/22	12:00 a	6.2	6.2	6.1	95	5.4	0.0	---	0.00	0.0	---	6.2	6.2	6.2	1020.6	0.00	0.0	0.253	0.000	17.3	57	8.7	16.6	10.61	 .0756	666	3	100.0	30
02/15/22	12:30 a	6.2	6.2	6.1	96	5.6	0.0	---	0.00	0.0	---	6.2	6.3	6.3	1020.7	0.00	0.0	0.252	0.000	17.1	58	8.8	16.4	10.75	 .0757	668	3	100.0	30
02/15/22	1:00 a	6.2	6.3	6.2	95	5.5	0.0	---	0.00	0.0	---	6.2	6.3	6.3	1020.7	0.00	0.0	0.252	0.000	17.0	59	8.9	16.3	10.95	 .0757	666	3	100.0	30
02/15/22	1:30 a	6.2	6.3	6.2	95	5.5	0.0	---	0.00	0.0	---	6.2	6.3	6.3	1020.6	0.00	0.0	0.252	0.000	16.7	59	8.7	16.0	10.95	 .0758	661	3	100.0	30
02/15/22	2:00 a	6.2	6.2	6.2	96	5.6	0.0	---	0.00	0.0	---	6.2	6.3	6.3	1020.9	0.00	0.0	0.252	0.000	16.6	59	8.5	15.8	10.95	 .0758	658	3	100.0	30
02/15/22	2:30 a	6.2	6.2	6.2	96	5.6	0.0	---	0.00	0.0	---	6.2	6.3	6.3	1021.1	0.00	0.0	0.252	0.000	16.3	59	8.3	15.6	10.95	 .0759	653	3	100.0	30
02/15/22	3:00 a	6.4	6.4	6.2	96	5.8	0.0	WNW	0.00	0.4	WNW	6.4	6.5	6.5	1021.1	0.00	0.0	0.249	0.000	16.2	59	8.1	15.4	10.95	 .0760	661	3	100.0	30
02/15/22	3:30 a	6.4	6.4	6.3	96	5.9	0.0	WNW	0.00	0.4	WNW	6.4	6.6	6.6	1021.1	0.00	0.0	0.248	0.000	16.1	59	8.0	15.3	10.95	 .0760	657	3	100.0	30
02/15/22	4:00 a	6.5	6.6	6.4	96	5.9	0.0	WNW	0.00	0.4	WNW	6.5	6.6	6.6	1021.2	0.00	0.0	0.247	0.000	16.1	59	8.0	15.3	10.95	 .0760	667	3	100.0	30
02/15/22	4:30 a	6.4	6.6	6.4	95	5.7	0.0	---	0.00	0.0	---	6.4	6.6	6.6	1021.7	0.00	0.0	0.248	0.000	15.9	59	7.9	15.2	10.95	 .0761	666	3	100.0	30
02/15/22	5:00 a	6.3	6.4	6.3	95	5.6	0.0	WNW	0.00	0.4	WNW	6.3	6.4	6.4	1021.9	0.00	0.0	0.250	0.000	15.9	59	7.9	15.2	10.95	 .0761	668	3	100.0	30
02/15/22	5:30 a	6.2	6.3	6.2	95	5.5	0.0	WNW	0.00	0.4	WNW	6.2	6.3	6.3	1022.3	0.00	0.0	0.252	0.000	15.9	59	7.9	15.2	10.95	 .0761	665	3	100.0	30
02/15/22	6:00 a	6.1	6.2	6.1	96	5.5	0.0	WNW	0.00	0.4	WNW	6.1	6.2	6.2	1022.7	0.00	0.0	0.255	0.000	16.1	58	7.8	15.3	10.75	 .0761	661	3	100.0	30
02/15/22	6:30 a	6.1	6.1	6.1	96	5.5	0.0	WNW	0.00	0.4	WNW	6.1	6.2	6.2	1022.7	0.00	0.0	0.255	0.000	16.1	58	7.8	15.3	10.75	 .0761	666	3	100.0	30
02/15/22	7:00 a	6.1	6.2	6.1	95	5.4	0.0	WNW	0.00	0.4	WNW	6.1	6.2	6.2	1022.8	0.00	0.0	0.255	0.000	16.1	58	7.8	15.3	10.75	 .0762	670	3	100.0	30
02/15/22	7:30 a	5.9	6.1	5.9	95	5.1	0.0	NNW	0.00	0.9	S	5.9	5.9	5.9	1023.3	0.00	0.0	0.259	0.000	16.1	58	7.8	15.3	10.75	 .0762	666	3	100.0	30
02/15/22	8:00 a	5.7	5.9	5.7	94	4.8	0.0	NNW	0.00	0.4	NNW	5.7	5.7	5.7	1023.7	0.00	0.0	0.264	0.000	16.2	58	7.9	15.4	10.75	 .0762	664	3	100.0	30
02/15/22	8:30 a	5.5	5.7	5.5	95	4.8	0.0	NNW	0.00	0.4	NNW	5.5	5.6	5.6	1024.1	0.00	0.0	0.267	0.000	16.3	58	8.0	15.6	10.75	 .0762	663	3	100.0	30
02/15/22	9:00 a	5.4	5.5	5.4	94	4.6	0.0	NNW	0.00	0.4	NNW	5.4	5.5	5.5	1024.5	0.00	0.0	0.269	0.000	16.3	58	8.0	15.6	10.75	 .0762	665	3	100.0	30
02/15/22	9:30 a	5.5	5.6	5.4	94	4.6	0.0	SW	0.00	0.9	SW	5.5	5.6	5.6	1024.5	0.00	0.0	0.267	0.000	16.3	58	8.0	15.6	10.75	 .0762	668	3	100.0	30
02/15/22	10:00 a	5.9	5.9	5.5	94	5.0	0.0	SW	0.00	0.4	SW	5.9	5.9	5.9	1025.0	0.00	0.0	0.259	0.000	16.3	58	8.0	15.6	10.75	 .0762	666	3	100.0	30
02/15/22	10:30 a	6.2	6.2	5.9	93	5.2	0.0	SW	0.00	0.4	SW	6.2	6.3	6.3	1024.8	0.00	0.0	0.252	0.000	16.2	58	7.9	15.4	10.75	 .0763	666	3	100.0	30
02/15/22	11:00 a	6.6	6.6	6.2	93	5.6	0.0	---	0.00	0.0	---	6.6	6.7	6.7	1024.9	0.00	0.0	0.244	0.000	16.3	57	7.7	15.5	10.58	 .0763	666	3	100.0	30
02/15/22	11:30 a	7.2	7.2	6.6	91	5.9	0.0	SW	0.00	0.4	SW	7.2	7.3	7.3	1025.3	0.00	0.0	0.231	0.000	16.3	57	7.7	15.5	10.58	 .0763	662	3	100.0	30
02/15/22	12:00 p	7.5	7.5	7.2	90	6.0	0.0	SW	0.00	0.4	SW	7.5	7.6	7.6	1025.1	0.00	0.0	0.226	0.000	16.3	57	7.8	15.6	10.58	 .0763	660	3	100.0	30
02/15/22	12:30 p	7.8	7.8	7.5	89	6.1	0.0	SW	0.00	0.4	SW	7.8	7.9	7.9	1024.8	0.00	0.0	0.219	0.000	16.3	57	7.7	15.5	10.58	 .0763	659	3	100.0	30
02/15/22	1:00 p	8.6	8.6	7.8	87	6.5	0.0	---	0.00	0.0	---	8.6	8.6	8.6	1024.6	0.00	0.0	0.204	0.000	16.3	57	7.7	15.5	10.58	 .0762	664	3	100.0	30
02/15/22	1:30 p	9.1	9.1	8.6	84	6.5	0.0	---	0.00	0.0	---	9.1	9.1	9.1	1024.3	0.00	0.0	0.192	0.000	16.5	60	8.7	15.8	11.12	 .0761	662	3	100.0	30
02/15/22	2:00 p	9.3	9.3	9.1	81	6.2	0.0	---	0.00	0.0	---	9.3	9.2	9.2	1023.9	0.00	0.0	0.189	0.000	16.3	59	8.3	15.6	10.95	 .0761	662	3	100.0	30
02/15/22	2:30 p	9.7	9.7	9.3	81	6.6	0.0	SSE	0.00	1.3	S	9.7	9.7	9.7	1023.5	0.00	0.0	0.181	0.000	16.3	58	8.0	15.6	10.75	 .0761	662	3	100.0	30
02/15/22	3:00 p	9.5	9.7	9.5	81	6.4	0.4	SSE	0.80	1.8	SSE	9.5	9.4	9.4	1023.1	0.00	0.0	0.184	0.000	16.3	57	7.7	15.5	10.58	 .0761	662	3	100.0	30
02/15/22	3:30 p	9.3	9.6	9.3	80	6.1	0.4	SSE	0.80	2.2	SSE	9.3	9.3	9.3	1023.3	0.00	0.0	0.188	0.000	16.2	57	7.6	15.4	10.57	 .0762	666	3	100.0	30
02/15/22	4:00 p	9.2	9.4	9.2	80	5.9	0.0	S	0.00	0.9	S	9.2	9.2	9.2	1023.8	0.00	0.0	0.190	0.000	16.2	56	7.4	15.3	10.45	 .0762	662	3	100.0	30
02/15/22	4:30 p	9.0	9.2	9.0	80	5.7	0.0	S	0.00	0.9	S	9.0	8.9	8.9	1023.3	0.00	0.0	0.194	0.000	16.3	56	7.5	15.4	10.45	 .0762	668	3	100.0	30
02/15/22	5:00 p	8.7	9.0	8.7	80	5.4	0.4	SSE	0.80	3.1	S	8.7	8.6	8.6	1023.2	0.00	0.0	0.201	0.000	16.4	56	7.6	15.6	10.45	 .0761	667	3	100.0	30
02/15/22	5:30 p	8.5	8.7	8.5	82	5.6	0.0	SE	0.00	2.7	S	8.5	8.4	8.4	1023.4	0.00	0.0	0.205	0.000	16.6	56	7.8	15.8	10.45	 .0761	662	3	100.0	30
02/15/22	6:00 p	8.4	8.5	8.4	84	5.8	0.0	SE	0.00	1.8	S	8.4	8.4	8.4	1023.6	0.00	0.0	0.207	0.000	16.7	56	7.8	15.9	10.45	 .0761	660	3	100.0	30
02/15/22	6:30 p	8.3	8.4	8.3	85	6.0	0.4	SSE	0.80	1.8	S	8.3	8.3	8.3	1023.5	0.00	0.0	0.208	0.000	16.6	56	7.7	15.7	10.45	 .0761	667	3	100.0	30
02/15/22	7:00 p	8.2	8.3	8.2	85	5.8	0.4	SE	0.80	2.2	SSE	8.2	8.2	8.2	1023.0	0.00	0.0	0.211	0.000	16.8	56	7.9	16.0	10.45	 .0760	658	3	100.0	30
02/15/22	7:30 p	8.1	8.2	8.1	86	5.9	0.4	SE	0.80	1.8	SSE	8.1	8.1	8.1	1022.7	0.00	0.0	0.213	0.000	16.6	57	8.1	15.8	10.59	 .0760	666	3	100.0	30
02/15/22	8:00 p	7.9	8.1	7.9	87	5.9	0.4	SSE	0.80	1.8	SSE	7.9	8.0	8.0	1022.5	0.00	0.0	0.216	0.000	16.6	56	7.8	15.8	10.45	 .0760	669	3	100.0	30
02/15/22	8:30 p	7.8	7.9	7.8	87	5.8	0.0	S	0.00	1.8	S	7.8	7.8	7.8	1022.4	0.00	0.0	0.219	0.000	16.8	59	8.8	16.2	10.95	 .0759	666	3	100.0	30
02/15/22	9:00 p	7.7	7.8	7.7	87	5.7	0.0	SSW	0.00	0.9	SSW	7.7	7.7	7.7	1022.3	0.00	0.0	0.221	0.000	17.2	62	9.8	16.7	11.45	 .0757	663	3	100.0	30
02/15/22	9:30 p	7.7	7.8	7.7	87	5.7	0.0	S	0.00	1.3	WSW	7.7	7.7	7.7	1022.4	0.00	0.0	0.221	0.000	17.2	62	9.8	16.7	11.45	 .0757	666	3	100.0	30
02/15/22	10:00 p	7.7	7.7	7.7	87	5.6	0.0	SW	0.00	1.3	SSW	7.7	7.7	7.7	1021.9	0.00	0.0	0.222	0.000	17.1	61	9.5	16.5	11.25	 .0757	665	3	100.0	30
02/15/22	10:30 p	7.6	7.7	7.6	88	5.7	0.0	N	0.00	0.9	N	7.6	7.6	7.6	1022.2	0.00	0.0	0.225	0.000	17.1	61	9.5	16.5	11.25	 .0758	667	3	100.0	30
02/15/22	11:00 p	7.4	7.6	7.4	88	5.6	0.0	N	0.00	0.4	N	7.4	7.4	7.4	1022.2	0.00	0.0	0.227	0.000	16.8	61	9.3	16.2	11.25	 .0758	666	3	100.0	30
02/15/22	11:30 p	7.3	7.4	7.3	89	5.6	0.0	---	0.00	0.0	---	7.3	7.3	7.3	1021.7	0.00	0.0	0.230	0.000	16.7	60	8.9	16.1	11.11	 .0758	663	3	100.0	30
02/16/22	12:00 a	7.2	7.3	7.2	89	5.5	0.0	WNW	0.00	0.9	WNW	7.2	7.3	7.3	1021.9	0.00	0.0	0.231	0.000	16.6	60	8.8	15.9	11.11	 .0759	664	3	100.0	30
02/16/22	12:30 a	7.2	7.2	7.2	89	5.5	0.0	WNW	0.00	0.9	WNW	7.2	7.2	7.2	1022.1	0.00	0.0	0.233	0.000	16.6	60	8.8	15.9	11.11	 .0759	664	3	100.0	30
02/16/22	1:00 a	7.1	7.2	7.1	88	5.3	0.0	WNW	0.00	0.4	WNW	7.1	7.1	7.1	1022.3	0.00	0.0	0.234	0.000	16.4	60	8.7	15.8	11.12	 .0760	667	3	100.0	30
02/16/22	1:30 a	7.1	7.1	7.1	88	5.2	0.0	WNW	0.00	0.4	WNW	7.1	7.1	7.1	1022.6	0.00	0.0	0.235	0.000	16.4	60	8.6	15.7	11.12	 .0760	667	3	100.0	30
02/16/22	2:00 a	6.9	7.1	6.9	89	5.3	0.0	WNW	0.00	0.4	WNW	6.9	7.0	7.0	1023.0	0.00	0.0	0.237	0.000	16.3	60	8.5	15.7	11.12	 .0761	669	3	100.0	30
02/16/22	2:30 a	6.8	6.9	6.8	90	5.3	0.0	---	0.00	0.0	---	6.8	6.9	6.9	1022.7	0.00	0.0	0.240	0.000	16.3	59	8.3	15.6	10.95	 .0760	666	3	100.0	30
02/16/22	3:00 a	6.7	6.8	6.7	90	5.1	0.0	WNW	0.00	0.4	WNW	6.7	6.7	6.7	1022.9	0.00	0.0	0.243	0.000	16.3	59	8.3	15.6	10.95	 .0761	667	3	100.0	30
02/16/22	3:30 a	6.7	6.7	6.7	90	5.1	0.0	WNW	0.00	0.4	WNW	6.7	6.7	6.7	1023.1	0.00	0.0	0.243	0.000	16.2	59	8.1	15.4	10.95	 .0761	664	3	100.0	30
02/16/22	4:00 a	6.7	6.7	6.7	90	5.2	0.0	---	0.00	0.0	---	6.7	6.8	6.8	1023.4	0.00	0.0	0.242	0.000	16.2	59	8.1	15.4	10.95	 .0762	664	3	100.0	30
02/16/22	4:30 a	6.8	6.8	6.7	87	4.8	0.0	WNW	0.00	0.9	WNW	6.8	6.8	6.8	1023.8	0.00	0.0	0.240	0.000	16.2	59	8.2	15.5	10.95	 .0762	666	3	100.0	30
02/16/22	5:00 a	7.1	7.1	6.8	85	4.8	0.0	NW	0.00	0.9	NW	7.1	7.1	7.1	1024.1	0.00	0.0	0.234	0.000	16.2	59	8.2	15.5	10.95	 .0762	666	3	100.0	30
02/16/22	5:30 a	7.0	7.1	7.0	85	4.6	0.0	NW	0.00	0.4	NW	7.0	6.9	6.9	1024.5	0.00	0.0	0.236	0.000	16.2	58	7.9	15.4	10.75	 .0762	663	3	100.0	30
02/16/22	6:00 a	7.0	7.1	7.0	86	4.8	0.0	NW	0.00	0.4	NW	7.0	6.9	6.9	1024.8	0.00	0.0	0.236	0.000	16.2	58	7.9	15.4	10.75	 .0763	664	3	100.0	30
02/16/22	6:30 a	6.9	7.0	6.9	87	4.9	0.0	NW	0.00	0.4	NW	6.9	6.9	6.9	1025.0	0.00	0.0	0.237	0.000	16.2	58	7.9	15.4	10.75	 .0763	666	3	100.0	30
02/16/22	7:00 a	6.9	6.9	6.9	89	5.3	0.0	NW	0.00	0.9	NW	6.9	7.0	7.0	1025.3	0.00	0.0	0.237	0.000	16.1	58	7.8	15.3	10.75	 .0763	666	3	100.0	30
02/16/22	7:30 a	6.8	6.9	6.8	90	5.3	0.0	NW	0.00	0.4	NW	6.8	6.9	6.9	1026.2	0.00	0.0	0.240	0.000	17.6	58	9.2	16.9	10.75	 .0759	666	3	100.0	30
02/16/22	8:00 a	6.9	6.9	6.9	90	5.4	0.0	NW	0.00	0.9	NW	6.9	7.0	7.0	1026.7	0.00	0.0	0.237	0.000	18.3	57	9.7	17.8	10.65	 .0757	663	3	100.0	30
02/16/22	8:30 a	7.2	7.2	6.9	90	5.6	0.0	NW	0.00	0.4	NW	7.2	7.2	7.2	1027.1	0.00	0.0	0.233	0.000	18.2	56	9.2	17.5	10.45	 .0758	666	3	100.0	30
02/16/22	9:00 a	7.7	7.7	7.2	88	5.9	0.0	NW	0.00	0.4	NW	7.7	7.8	7.8	1027.3	0.00	0.0	0.221	0.000	18.2	56	9.3	17.6	10.45	 .0758	665	3	100.0	30
02/16/22	9:30 a	8.2	8.2	7.7	85	5.8	0.0	NW	0.00	0.9	NW	8.2	8.2	8.2	1027.5	0.00	0.0	0.212	0.000	18.1	56	9.2	17.4	10.45	 .0759	667	3	100.0	30
02/16/22	10:00 a	8.7	8.7	8.2	78	5.1	0.0	NW	0.00	1.3	N	8.7	8.6	8.6	1027.7	0.00	0.0	0.200	0.000	18.1	55	8.9	17.4	10.25	 .0759	664	3	100.0	30
02/16/22	10:30 a	9.1	9.1	8.7	76	5.1	0.4	NNW	0.80	1.3	NNW	9.1	8.9	8.9	1027.9	0.00	0.0	0.192	0.000	18.3	57	9.6	17.7	10.65	 .0759	666	3	100.0	30
02/16/22	11:00 a	9.7	9.9	9.1	72	4.9	0.4	NNW	0.80	1.8	N	9.7	9.5	9.5	1028.6	0.00	0.0	0.181	0.000	18.2	55	9.0	17.5	10.25	 .0760	666	3	100.0	30
02/16/22	11:30 a	9.1	9.7	9.1	75	4.9	0.4	NW	0.80	1.3	N	9.1	8.9	8.9	1028.8	0.00	0.0	0.192	0.000	18.1	54	8.7	17.4	10.15	 .0760	664	3	100.0	30
02/16/22	12:00 p	9.8	9.9	9.1	71	4.8	0.4	NW	0.80	3.1	WNW	9.8	9.6	9.6	1029.1	0.00	0.0	0.178	0.000	18.2	54	8.8	17.5	10.15	 .0760	664	3	100.0	30
02/16/22	12:30 p	10.2	10.3	9.8	66	4.1	0.4	NNW	0.80	1.8	NNW	10.2	9.8	9.8	1029.0	0.00	0.0	0.170	0.000	18.2	53	8.5	17.4	9.95	 .0760	666	3	100.0	30
02/16/22	1:00 p	10.1	10.2	10.0	67	4.2	0.4	NNW	0.80	1.8	NNW	10.1	9.8	9.8	1028.7	0.00	0.0	0.172	0.000	18.2	53	8.4	17.4	9.95	 .0760	668	3	100.0	30
02/16/22	1:30 p	10.2	10.2	10.1	66	4.1	0.4	NW	0.80	1.8	S	10.2	9.8	9.8	1028.8	0.00	0.0	0.170	0.000	18.2	54	8.7	17.4	10.15	 .0760	668	3	100.0	30
02/16/22	2:00 p	11.6	11.6	10.2	59	3.8	0.4	N	0.80	1.8	N	11.6	10.9	10.9	1028.8	0.00	0.0	0.141	0.000	17.9	54	8.5	17.2	10.15	 .0761	663	3	100.0	30
02/16/22	2:30 p	11.6	11.9	11.6	60	4.1	0.4	NNW	0.80	1.8	NW	11.6	11.0	11.0	1029.2	0.00	0.0	0.140	0.000	18.0	54	8.5	17.2	10.15	 .0761	668	3	100.0	30
02/16/22	3:00 p	10.8	11.6	10.8	62	3.8	0.0	N	0.00	1.3	N	10.8	10.3	10.3	1029.3	0.00	0.0	0.157	0.000	17.9	54	8.5	17.2	10.15	 .0761	667	3	100.0	30
02/16/22	3:30 p	10.6	10.8	10.6	63	3.9	0.0	NW	0.00	0.9	N	10.6	10.2	10.2	1029.4	0.00	0.0	0.161	0.000	17.9	53	8.2	17.1	9.95	 .0761	665	3	100.0	30
02/16/22	4:00 p	10.1	10.6	10.1	64	3.5	0.0	NW	0.00	0.9	NW	10.1	9.7	9.7	1029.5	0.00	0.0	0.172	0.000	17.9	52	7.9	17.1	9.75	 .0762	666	3	100.0	30
02/16/22	4:30 p	9.6	10.1	9.6	68	4.0	0.0	NW	0.00	0.4	NW	9.6	9.3	9.3	1029.8	0.00	0.0	0.182	0.000	18.2	51	7.9	17.3	9.56	 .0761	668	3	100.0	30
02/16/22	5:00 p	9.4	9.7	9.4	71	4.4	0.0	NW	0.00	0.4	NW	9.4	9.2	9.2	1029.8	0.00	0.0	0.186	0.000	18.2	51	7.9	17.3	9.56	 .0761	661	3	100.0	30
02/16/22	5:30 p	8.9	9.4	8.9	73	4.3	0.0	NW	0.00	0.4	NW	8.9	8.7	8.7	1030.0	0.00	0.0	0.197	0.000	18.1	50	7.5	17.2	9.36	 .0762	668	3	100.0	30
02/16/22	6:00 p	8.2	8.9	8.2	76	4.2	0.0	---	0.00	0.0	---	8.2	8.1	8.1	1030.3	0.00	0.0	0.211	0.000	18.1	50	7.5	17.2	9.36	 .0762	666	3	100.0	30
02/16/22	6:30 p	7.3	8.2	7.3	80	4.1	0.0	NW	0.00	0.4	NW	7.3	7.2	7.2	1030.7	0.00	0.0	0.229	0.000	18.1	50	7.5	17.2	9.36	 .0762	665	3	100.0	30
02/16/22	7:00 p	6.4	7.3	6.4	83	3.8	0.0	---	0.00	0.0	---	6.4	6.3	6.3	1031.1	0.00	0.0	0.248	0.000	18.1	51	7.8	17.2	9.56	 .0762	667	3	100.0	30
02/16/22	7:30 p	5.6	6.4	5.6	86	3.5	0.0	NW	0.00	0.4	NW	5.6	5.5	5.5	1031.1	0.00	0.0	0.265	0.000	18.2	52	8.2	17.4	9.75	 .0762	665	3	100.0	30
02/16/22	8:00 p	5.1	5.6	5.1	89	3.4	0.0	NW	0.00	0.4	NW	5.1	5.1	5.1	1031.0	0.00	0.0	0.275	0.000	18.2	52	8.2	17.4	9.75	 .0762	668	3	100.0	30
02/16/22	8:30 p	4.9	5.1	4.9	90	3.4	0.0	NW	0.00	0.4	NW	4.9	4.9	4.9	1031.5	0.00	0.0	0.279	0.000	18.1	54	8.7	17.4	10.15	 .0762	667	3	100.0	30
02/16/22	9:00 p	4.6	4.9	4.6	91	3.3	0.0	---	0.00	0.0	---	4.6	4.6	4.6	1031.7	0.00	0.0	0.286	0.000	18.0	55	8.8	17.3	10.25	 .0763	666	3	100.0	30
02/16/22	9:30 p	4.2	4.6	4.1	91	2.8	0.0	---	0.00	0.0	---	4.2	4.1	4.1	1031.8	0.00	0.0	0.295	0.000	17.9	56	9.0	17.3	10.45	 .0763	668	3	100.0	30
02/16/22	10:00 p	3.8	4.1	3.8	92	2.6	0.0	---	0.00	0.0	---	3.8	3.7	3.7	1032.1	0.00	0.0	0.303	0.000	17.9	55	8.8	17.2	10.25	 .0763	667	3	100.0	30
02/16/22	10:30 p	3.7	3.8	3.7	93	2.6	0.0	NW	0.00	0.4	NW	3.7	3.7	3.7	1032.2	0.00	0.0	0.306	0.000	17.8	55	8.7	17.1	10.25	 .0764	666	3	100.0	30
02/16/22	11:00 p	3.3	3.7	3.3	93	2.3	0.0	NW	0.00	0.4	NW	3.3	3.3	3.3	1032.4	0.00	0.0	0.314	0.000	17.9	55	8.7	17.2	10.25	 .0763	664	3	100.0	30
02/16/22	11:30 p	3.4	3.4	3.1	95	2.7	0.0	---	0.00	0.0	---	3.4	3.4	3.4	1032.4	0.00	0.0	0.310	0.000	17.9	55	8.7	17.2	10.25	 .0763	669	3	100.0	30
