		Temp	Hi	Low	Out	Dew	Wind	Wind	Wind	Hi	Hi	Wind	Heat	THW			Rain	Heat	Cool	In 	In	In 	In 	In 	In Air	Wind	Wind	ISS 	Arc.
Date	Time	Out	Temp	Temp	Hum	Pt.	Speed	Dir	Run	Speed	Dir	Chill	Index	Index	Bar  	Rain	Rate	D-D 	D-D 	Temp	Hum	Dew	Heat	EMC	Density	Samp	Tx 	Recept	Int.
02/16/22	12:30 a	7.2	7.2	7.2	89	5.5	0.0	WNW	0.00	0.9	WNW	7.2	7.2	7.2	1022.1	0.00	0.0	0.233	0.000	16.6	60	8.8	15.9	11.11	 .0759	664	3	100.0	30
02/16/22	1:00 a	7.1	7.2	7.1	88	5.3	0.0	WNW	0.00	0.4	WNW	7.1	7.1	7.1	1022.3	0.00	0.0	0.234	0.000	16.4	60	8.7	15.8	11.12	 .0760	667	3	100.0	30
02/16/22	1:30 a	7.1	7.1	7.1	88	5.2	0.0	WNW	0.00	0.4	WNW	7.1	7.1	7.1	1022.6	0.00	0.0	0.235	0.000	16.4	60	8.6	15.7	11.12	 .0760	667	3	100.0	30
02/16/22	2:00 a	6.9	7.1	6.9	89	5.3	0.0	WNW	0.00	0.4	WNW	6.9	7.0	7.0	1023.0	0.00	0.0	0.237	0.000	16.3	60	8.5	15.7	11.12	 .0761	669	3	100.0	30
02/16/22	2:30 a	6.8	6.9	6.8	90	5.3	0.0	---	0.00	0.0	---	6.8	6.9	6.9	1022.7	0.00	0.0	0.240	0.000	16.3	59	8.3	15.6	10.95	 .0760	666	3	100.0	30
02/16/22	3:00 a	6.7	6.8	6.7	90	5.1	0.0	WNW	0.00	0.4	WNW	6.7	6.7	6.7	1022.9	0.00	0.0	0.243	0.000	16.3	59	8.3	15.6	10.95	 .0761	667	3	100.0	30
02/16/22	3:30 a	6.7	6.7	6.7	90	5.1	0.0	WNW	0.00	0.4	WNW	6.7	6.7	6.7	1023.1	0.00	0.0	0.243	0.000	16.2	59	8.1	15.4	10.95	 .0761	664	3	100.0	30
02/16/22	4:00 a	6.7	6.7	6.7	90	5.2	0.0	---	0.00	0.0	---	6.7	6.8	6.8	1023.4	0.00	0.0	0.242	0.000	16.2	59	8.1	15.4	10.95	 .0762	664	3	100.0	30
02/16/22	4:30 a	6.8	6.8	6.7	87	4.8	0.0	WNW	0.00	0.9	WNW	6.8	6.8	6.8	1023.8	0.00	0.0	0.240	0.000	16.2	59	8.2	15.5	10.95	 .0762	666	3	100.0	30
02/16/22	5:00 a	7.1	7.1	6.8	85	4.8	0.0	NW	0.00	0.9	NW	7.1	7.1	7.1	1024.1	0.00	0.0	0.234	0.000	16.2	59	8.2	15.5	10.95	 .0762	666	3	100.0	30
02/16/22	5:30 a	7.0	7.1	7.0	85	4.6	0.0	NW	0.00	0.4	NW	7.0	6.9	6.9	1024.5	0.00	0.0	0.236	0.000	16.2	58	7.9	15.4	10.75	 .0762	663	3	100.0	30
02/16/22	6:00 a	7.0	7.1	7.0	86	4.8	0.0	NW	0.00	0.4	NW	7.0	6.9	6.9	1024.8	0.00	0.0	0.236	0.000	16.2	58	7.9	15.4	10.75	 .0763	664	3	100.0	30
02/16/22	6:30 a	6.9	7.0	6.9	87	4.9	0.0	NW	0.00	0.4	NW	6.9	6.9	6.9	1025.0	0.00	0.0	0.237	0.000	16.2	58	7.9	15.4	10.75	 .0763	666	3	100.0	30
02/16/22	7:00 a	6.9	6.9	6.9	89	5.3	0.0	NW	0.00	0.9	NW	6.9	7.0	7.0	1025.3	0.00	0.0	0.237	0.000	16.1	58	7.8	15.3	10.75	 .0763	666	3	100.0	30
02/16/22	7:30 a	6.8	6.9	6.8	90	5.3	0.0	NW	0.00	0.4	NW	6.8	6.9	6.9	1026.2	0.00	0.0	0.240	0.000	17.6	58	9.2	16.9	10.75	 .0759	666	3	100.0	30
02/16/22	8:00 a	6.9	6.9	6.9	90	5.4	0.0	NW	0.00	0.9	NW	6.9	7.0	7.0	1026.7	0.00	0.0	0.237	0.000	18.3	57	9.7	17.8	10.65	 .0757	663	3	100.0	30
02/16/22	8:30 a	7.2	7.2	6.9	90	5.6	0.0	NW	0.00	0.4	NW	7.2	7.2	7.2	1027.1	0.00	0.0	0.233	0.000	18.2	56	9.2	17.5	10.45	 .0758	666	3	100.0	30
02/16/22	9:00 a	7.7	7.7	7.2	88	5.9	0.0	NW	0.00	0.4	NW	7.7	7.8	7.8	1027.3	0.00	0.0	0.221	0.000	18.2	56	9.3	17.6	10.45	 .0758	665	3	100.0	30
02/16/22	9:30 a	8.2	8.2	7.7	85	5.8	0.0	NW	0.00	0.9	NW	8.2	8.2	8.2	1027.5	0.00	0.0	0.212	0.000	18.1	56	9.2	17.4	10.45	 .0759	667	3	100.0	30
02/16/22	10:00 a	8.7	8.7	8.2	78	5.1	0.0	NW	0.00	1.3	N	8.7	8.6	8.6	1027.7	0.00	0.0	0.200	0.000	18.1	55	8.9	17.4	10.25	 .0759	664	3	100.0	30
02/16/22	10:30 a	9.1	9.1	8.7	76	5.1	0.4	NNW	0.80	1.3	NNW	9.1	8.9	8.9	1027.9	0.00	0.0	0.192	0.000	18.3	57	9.6	17.7	10.65	 .0759	666	3	100.0	30
02/16/22	11:00 a	9.7	9.9	9.1	72	4.9	0.4	NNW	0.80	1.8	N	9.7	9.5	9.5	1028.6	0.00	0.0	0.181	0.000	18.2	55	9.0	17.5	10.25	 .0760	666	3	100.0	30
02/16/22	11:30 a	9.1	9.7	9.1	75	4.9	0.4	NW	0.80	1.3	N	9.1	8.9	8.9	1028.8	0.00	0.0	0.192	0.000	18.1	54	8.7	17.4	10.15	 .0760	664	3	100.0	30
02/16/22	12:00 p	9.8	9.9	9.1	71	4.8	0.4	NW	0.80	3.1	WNW	9.8	9.6	9.6	1029.1	0.00	0.0	0.178	0.000	18.2	54	8.8	17.5	10.15	 .0760	664	3	100.0	30
02/16/22	12:30 p	10.2	10.3	9.8	66	4.1	0.4	NNW	0.80	1.8	NNW	10.2	9.8	9.8	1029.0	0.00	0.0	0.170	0.000	18.2	53	8.5	17.4	9.95	 .0760	666	3	100.0	30
02/16/22	1:00 p	10.1	10.2	10.0	67	4.2	0.4	NNW	0.80	1.8	NNW	10.1	9.8	9.8	1028.7	0.00	0.0	0.172	0.000	18.2	53	8.4	17.4	9.95	 .0760	668	3	100.0	30
02/16/22	1:30 p	10.2	10.2	10.1	66	4.1	0.4	NW	0.80	1.8	S	10.2	9.8	9.8	1028.8	0.00	0.0	0.170	0.000	18.2	54	8.7	17.4	10.15	 .0760	668	3	100.0	30
02/16/22	2:00 p	11.6	11.6	10.2	59	3.8	0.4	N	0.80	1.8	N	11.6	10.9	10.9	1028.8	0.00	0.0	0.141	0.000	17.9	54	8.5	17.2	10.15	 .0761	663	3	100.0	30
02/16/22	2:30 p	11.6	11.9	11.6	60	4.1	0.4	NNW	0.80	1.8	NW	11.6	11.0	11.0	1029.2	0.00	0.0	0.140	0.000	18.0	54	8.5	17.2	10.15	 .0761	668	3	100.0	30
02/16/22	3:00 p	10.8	11.6	10.8	62	3.8	0.0	N	0.00	1.3	N	10.8	10.3	10.3	1029.3	0.00	0.0	0.157	0.000	17.9	54	8.5	17.2	10.15	 .0761	667	3	100.0	30
02/16/22	3:30 p	10.6	10.8	10.6	63	3.9	0.0	NW	0.00	0.9	N	10.6	10.2	10.2	1029.4	0.00	0.0	0.161	0.000	17.9	53	8.2	17.1	9.95	 .0761	665	3	100.0	30
02/16/22	4:00 p	10.1	10.6	10.1	64	3.5	0.0	NW	0.00	0.9	NW	10.1	9.7	9.7	1029.5	0.00	0.0	0.172	0.000	17.9	52	7.9	17.1	9.75	 .0762	666	3	100.0	30
02/16/22	4:30 p	9.6	10.1	9.6	68	4.0	0.0	NW	0.00	0.4	NW	9.6	9.3	9.3	1029.8	0.00	0.0	0.182	0.000	18.2	51	7.9	17.3	9.56	 .0761	668	3	100.0	30
02/16/22	5:00 p	9.4	9.7	9.4	71	4.4	0.0	NW	0.00	0.4	NW	9.4	9.2	9.2	1029.8	0.00	0.0	0.186	0.000	18.2	51	7.9	17.3	9.56	 .0761	661	3	100.0	30
02/16/22	5:30 p	8.9	9.4	8.9	73	4.3	0.0	NW	0.00	0.4	NW	8.9	8.7	8.7	1030.0	0.00	0.0	0.197	0.000	18.1	50	7.5	17.2	9.36	 .0762	668	3	100.0	30
02/16/22	6:00 p	8.2	8.9	8.2	76	4.2	0.0	---	0.00	0.0	---	8.2	8.1	8.1	1030.3	0.00	0.0	0.211	0.000	18.1	50	7.5	17.2	9.36	 .0762	666	3	100.0	30
02/16/22	6:30 p	7.3	8.2	7.3	80	4.1	0.0	NW	0.00	0.4	NW	7.3	7.2	7.2	1030.7	0.00	0.0	0.229	0.000	18.1	50	7.5	17.2	9.36	 .0762	665	3	100.0	30
02/16/22	7:00 p	6.4	7.3	6.4	83	3.8	0.0	---	0.00	0.0	---	6.4	6.3	6.3	1031.1	0.00	0.0	0.248	0.000	18.1	51	7.8	17.2	9.56	 .0762	667	3	100.0	30
02/16/22	7:30 p	5.6	6.4	5.6	86	3.5	0.0	NW	0.00	0.4	NW	5.6	5.5	5.5	1031.1	0.00	0.0	0.265	0.000	18.2	52	8.2	17.4	9.75	 .0762	665	3	100.0	30
02/16/22	8:00 p	5.1	5.6	5.1	89	3.4	0.0	NW	0.00	0.4	NW	5.1	5.1	5.1	1031.0	0.00	0.0	0.275	0.000	18.2	52	8.2	17.4	9.75	 .0762	668	3	100.0	30
02/16/22	8:30 p	4.9	5.1	4.9	90	3.4	0.0	NW	0.00	0.4	NW	4.9	4.9	4.9	1031.5	0.00	0.0	0.279	0.000	18.1	54	8.7	17.4	10.15	 .0762	667	3	100.0	30
02/16/22	9:00 p	4.6	4.9	4.6	91	3.3	0.0	---	0.00	0.0	---	4.6	4.6	4.6	1031.7	0.00	0.0	0.286	0.000	18.0	55	8.8	17.3	10.25	 .0763	666	3	100.0	30
02/16/22	9:30 p	4.2	4.6	4.1	91	2.8	0.0	---	0.00	0.0	---	4.2	4.1	4.1	1031.8	0.00	0.0	0.295	0.000	17.9	56	9.0	17.3	10.45	 .0763	668	3	100.0	30
02/16/22	10:00 p	3.8	4.1	3.8	92	2.6	0.0	---	0.00	0.0	---	3.8	3.7	3.7	1032.1	0.00	0.0	0.303	0.000	17.9	55	8.8	17.2	10.25	 .0763	667	3	100.0	30
02/16/22	10:30 p	3.7	3.8	3.7	93	2.6	0.0	NW	0.00	0.4	NW	3.7	3.7	3.7	1032.2	0.00	0.0	0.306	0.000	17.8	55	8.7	17.1	10.25	 .0764	666	3	100.0	30
02/16/22	11:00 p	3.3	3.7	3.3	93	2.3	0.0	NW	0.00	0.4	NW	3.3	3.3	3.3	1032.4	0.00	0.0	0.314	0.000	17.9	55	8.7	17.2	10.25	 .0763	664	3	100.0	30
02/16/22	11:30 p	3.4	3.4	3.1	95	2.7	0.0	---	0.00	0.0	---	3.4	3.4	3.4	1032.4	0.00	0.0	0.310	0.000	17.9	55	8.7	17.2	10.25	 .0763	669	3	100.0	30
02/17/22	12:00 a	4.1	4.1	3.4	96	3.5	0.0	---	0.00	0.0	---	4.1	4.1	4.1	1032.5	0.00	0.0	0.297	0.000	20.7	52	10.5	20.0	9.66	 .0755	661	3	100.0	30
02/17/22	12:30 a	4.9	4.9	4.1	96	4.4	0.0	NW	0.00	1.3	SSE	4.9	5.0	5.0	1031.8	0.00	0.0	0.279	0.000	18.8	54	9.3	18.2	10.11	 .0760	660	3	100.0	30
02/17/22	1:00 a	5.6	5.6	4.9	90	4.1	0.4	SSE	0.80	1.8	SE	5.6	5.6	5.6	1032.3	0.00	0.0	0.265	0.000	18.1	55	8.9	17.4	10.25	 .0763	668	3	100.0	30
02/17/22	1:30 a	5.7	5.7	5.6	90	4.2	0.0	S	0.00	1.8	S	5.7	5.7	5.7	1032.0	0.00	0.0	0.264	0.000	17.8	56	8.9	17.2	10.45	 .0763	664	3	100.0	30
02/17/22	2:00 a	5.5	5.7	5.5	89	3.8	0.0	S	0.00	0.4	S	5.5	5.5	5.5	1032.0	0.00	0.0	0.267	0.000	17.9	56	9.0	17.2	10.45	 .0763	670	3	100.0	30
02/17/22	2:30 a	4.8	5.5	4.8	90	3.3	0.0	S	0.00	0.4	S	4.8	4.8	4.8	1032.1	0.00	0.0	0.281	0.000	17.7	56	8.8	17.1	10.45	 .0764	667	3	100.0	30
02/17/22	3:00 a	4.3	4.8	4.3	91	2.9	0.0	S	0.00	0.4	S	4.3	4.2	4.2	1032.0	0.00	0.0	0.293	0.000	17.8	56	8.9	17.2	10.45	 .0763	670	3	100.0	30
02/17/22	3:30 a	4.0	4.3	4.0	93	3.0	0.0	S	0.00	0.4	S	4.0	4.0	4.0	1032.4	0.00	0.0	0.299	0.000	17.6	56	8.7	16.9	10.45	 .0764	669	3	100.0	30
02/17/22	4:00 a	4.2	4.2	3.9	94	3.3	0.0	S	0.00	0.4	S	4.2	4.2	4.2	1032.3	0.00	0.0	0.294	0.000	17.8	55	8.6	17.1	10.25	 .0764	665	3	100.0	30
02/17/22	4:30 a	5.0	5.0	4.2	92	3.8	0.0	S	0.00	0.9	S	5.0	5.0	5.0	1032.2	0.00	0.0	0.278	0.000	17.6	55	8.5	16.9	10.25	 .0764	668	3	100.0	30
02/17/22	5:00 a	5.3	5.3	5.0	91	3.9	0.0	SSE	0.00	0.4	SSE	5.3	5.3	5.3	1032.0	0.00	0.0	0.272	0.000	17.7	55	8.5	16.9	10.25	 .0764	668	3	100.0	30
02/17/22	5:30 a	5.5	5.5	5.3	90	4.0	0.0	SSE	0.00	1.3	SSE	5.5	5.5	5.5	1032.2	0.00	0.0	0.267	0.000	17.8	55	8.6	17.1	10.25	 .0764	664	3	100.0	30
02/17/22	6:00 a	5.6	5.6	5.5	89	3.9	0.0	SSE	0.00	0.9	SSE	5.6	5.6	5.6	1032.3	0.00	0.0	0.266	0.000	17.7	55	8.5	16.9	10.25	 .0764	664	3	100.0	30
02/17/22	6:30 a	5.5	5.6	5.5	89	3.8	0.0	---	0.00	0.0	---	5.5	5.5	5.5	1032.0	0.00	0.0	0.267	0.000	17.7	55	8.6	17.0	10.25	 .0764	668	3	100.0	30
02/17/22	7:00 a	5.2	5.5	5.2	90	3.7	0.0	SSE	0.00	0.9	SSE	5.2	5.1	5.1	1032.3	0.00	0.0	0.274	0.000	17.7	54	8.3	16.9	10.15	 .0764	667	3	100.0	30
02/17/22	7:30 a	5.2	5.2	5.2	90	3.7	0.0	SSE	0.00	1.8	SSE	5.2	5.2	5.2	1032.3	0.00	0.0	0.273	0.000	17.6	55	8.5	16.9	10.25	 .0764	669	3	100.0	30
02/17/22	8:00 a	5.8	5.8	5.2	89	4.2	0.4	SE	0.80	2.2	SSE	5.8	5.8	5.8	1032.4	0.00	0.0	0.260	0.000	17.8	54	8.3	17.0	10.15	 .0764	668	3	100.0	30
02/17/22	8:30 a	6.1	6.1	5.8	89	4.4	0.4	SE	0.80	1.8	SSE	6.1	6.1	6.1	1032.4	0.00	0.0	0.256	0.000	17.7	54	8.2	16.9	10.15	 .0764	668	3	100.0	30
02/17/22	9:00 a	6.4	6.4	6.1	88	4.5	0.4	SE	0.80	1.8	S	6.4	6.4	6.4	1032.6	0.00	0.0	0.249	0.000	17.7	54	8.2	16.9	10.15	 .0764	668	3	100.0	30
02/17/22	9:30 a	6.4	6.4	6.4	87	4.4	0.0	SE	0.00	1.3	SE	6.4	6.4	6.4	1032.5	0.00	0.0	0.248	0.000	17.9	56	9.0	17.3	10.45	 .0763	668	3	100.0	30
02/17/22	10:00 a	6.8	6.9	6.4	88	5.0	0.4	SE	0.80	1.3	ENE	6.8	6.8	6.8	1032.5	0.00	0.0	0.240	0.000	17.7	58	9.3	17.1	10.75	 .0764	663	3	100.0	30
02/17/22	10:30 a	7.3	7.3	6.9	88	5.5	0.0	SE	0.00	1.3	SE	7.3	7.3	7.3	1032.7	0.00	0.0	0.229	0.000	17.9	59	9.8	17.3	10.95	 .0763	667	3	100.0	30
02/17/22	11:00 a	8.1	8.1	7.3	84	5.5	0.4	S	0.80	1.3	SSW	8.1	8.1	8.1	1032.4	0.00	0.0	0.214	0.000	17.8	57	9.2	17.2	10.63	 .0763	667	3	100.0	30
02/17/22	11:30 a	8.5	8.5	8.1	81	5.4	0.0	SW	0.00	1.8	S	8.5	8.4	8.4	1032.5	0.00	0.0	0.205	0.000	17.8	55	8.6	17.1	10.25	 .0764	662	3	100.0	30
02/17/22	12:00 p	8.7	8.7	8.5	80	5.4	0.0	E	0.00	0.9	E	8.7	8.6	8.6	1032.6	0.00	0.0	0.201	0.000	17.8	55	8.7	17.1	10.25	 .0764	668	3	100.0	30
02/17/22	12:30 p	8.7	8.7	8.7	81	5.6	0.0	WSW	0.00	1.3	NNW	8.7	8.7	8.7	1032.8	0.00	0.0	0.200	0.000	17.9	55	8.8	17.2	10.25	 .0764	668	3	100.0	30
02/17/22	1:00 p	9.1	9.1	8.7	80	5.8	0.0	NW	0.00	0.4	NW	9.1	9.0	9.0	1032.4	0.00	0.0	0.193	0.000	17.9	55	8.8	17.2	10.25	 .0763	666	3	100.0	30
02/17/22	1:30 p	9.2	9.2	9.0	80	5.9	0.0	NW	0.00	0.9	SSW	9.2	9.1	9.1	1032.2	0.00	0.0	0.191	0.000	17.9	58	9.5	17.3	10.75	 .0763	668	3	100.0	30
02/17/22	2:00 p	9.2	9.3	9.2	80	5.9	0.0	WSW	0.00	0.9	WSW	9.2	9.1	9.1	1032.1	0.00	0.0	0.191	0.000	18.2	61	10.6	17.8	11.25	 .0761	667	3	100.0	30
02/17/22	2:30 p	9.1	9.2	9.0	82	6.1	0.0	WSW	0.00	0.4	WSW	9.1	9.1	9.1	1031.9	0.00	0.0	0.193	0.000	18.2	60	10.3	17.7	11.06	 .0761	670	3	100.0	30
02/17/22	3:00 p	8.9	9.1	8.9	83	6.2	0.0	W	0.00	0.4	WSW	8.9	8.9	8.9	1031.9	0.00	0.0	0.196	0.000	18.2	58	9.8	17.6	10.75	 .0762	668	3	100.0	30
02/17/22	3:30 p	9.2	9.2	8.9	82	6.3	0.0	WNW	0.00	0.9	WNW	9.2	9.2	9.2	1031.7	0.00	0.0	0.191	0.000	18.1	57	9.5	17.5	10.64	 .0762	667	3	100.0	30
02/17/22	4:00 p	9.2	9.3	9.2	81	6.1	0.0	WNW	0.00	0.4	WNW	9.2	9.2	9.2	1031.2	0.00	0.0	0.190	0.000	18.2	55	9.0	17.6	10.25	 .0761	665	3	100.0	30
02/17/22	4:30 p	8.8	9.2	8.8	84	6.3	0.0	WNW	0.00	0.4	WNW	8.8	8.8	8.8	1031.3	0.00	0.0	0.198	0.000	18.3	56	9.3	17.7	10.45	 .0761	667	3	100.0	30
02/17/22	5:00 p	8.6	8.8	8.6	84	6.1	0.0	WNW	0.00	0.4	WNW	8.6	8.6	8.6	1031.2	0.00	0.0	0.203	0.000	18.3	56	9.4	17.7	10.45	 .0761	664	3	100.0	30
02/17/22	5:30 p	8.4	8.7	8.4	85	6.1	0.0	---	0.00	0.0	---	8.4	8.4	8.4	1031.5	0.00	0.0	0.206	0.000	18.1	55	8.9	17.4	10.25	 .0762	667	3	100.0	30
02/17/22	6:00 p	8.2	8.4	8.2	86	6.0	0.0	---	0.00	0.0	---	8.2	8.2	8.2	1031.8	0.00	0.0	0.211	0.000	18.0	55	8.8	17.3	10.25	 .0763	664	3	100.0	30
02/17/22	6:30 p	8.0	8.2	8.0	87	6.0	0.0	---	0.00	0.0	---	8.0	8.1	8.1	1031.8	0.00	0.0	0.215	0.000	17.8	55	8.6	17.1	10.25	 .0763	667	3	100.0	30
02/17/22	7:00 p	7.7	8.0	7.7	89	6.0	0.0	---	0.00	0.0	---	7.7	7.7	7.7	1032.1	0.00	0.0	0.222	0.000	17.7	55	8.5	16.9	10.25	 .0764	666	3	100.0	30
02/17/22	7:30 p	7.5	7.7	7.5	90	6.0	0.0	---	0.00	0.0	---	7.5	7.6	7.6	1031.9	0.00	0.0	0.226	0.000	17.6	55	8.5	16.9	10.25	 .0764	661	3	100.0	30
02/17/22	8:00 p	7.6	7.6	7.5	91	6.2	0.0	WNW	0.00	0.4	WNW	7.6	7.6	7.6	1031.7	0.00	0.0	0.225	0.000	17.7	55	8.6	17.0	10.25	 .0763	663	3	100.0	30
02/17/22	8:30 p	7.6	7.6	7.6	91	6.2	0.0	ENE	0.00	0.9	ENE	7.6	7.6	7.6	1031.9	0.00	0.0	0.225	0.000	17.8	54	8.3	17.0	10.15	 .0764	666	3	100.0	30
02/17/22	9:00 p	7.6	7.7	7.6	92	6.4	0.0	ENE	0.00	0.4	ENE	7.6	7.7	7.7	1032.5	0.00	0.0	0.223	0.000	17.9	54	8.5	17.2	10.15	 .0764	665	3	100.0	30
02/17/22	9:30 p	7.5	7.6	7.4	92	6.3	0.0	ENE	0.00	0.4	ENE	7.5	7.6	7.6	1032.4	0.00	0.0	0.226	0.000	17.9	54	8.4	17.1	10.15	 .0764	666	3	100.0	30
02/17/22	10:00 p	7.2	7.5	7.2	92	6.0	0.0	---	0.00	0.0	---	7.2	7.2	7.2	1032.2	0.00	0.0	0.233	0.000	17.8	54	8.4	17.1	10.15	 .0764	663	3	100.0	30
02/17/22	10:30 p	6.6	7.2	6.6	92	5.4	0.0	---	0.00	0.0	---	6.6	6.7	6.7	1032.7	0.00	0.0	0.244	0.000	17.9	54	8.4	17.1	10.15	 .0764	662	3	100.0	30
02/17/22	11:00 p	6.6	6.6	6.5	94	5.7	0.0	---	0.00	0.0	---	6.6	6.7	6.7	1032.4	0.00	0.0	0.245	0.000	17.9	54	8.4	17.1	10.15	 .0764	663	3	100.0	30
02/17/22	11:30 p	6.7	6.7	6.6	95	5.9	0.0	---	0.00	0.0	---	6.7	6.8	6.8	1032.6	0.00	0.0	0.243	0.000	17.9	54	8.5	17.2	10.15	 .0764	665	3	100.0	30
02/18/22	12:00 a	6.9	6.9	6.7	95	6.2	0.0	ENE	0.00	0.4	ENE	6.9	7.1	7.1	1032.4	0.00	0.0	0.237	0.000	17.8	54	8.4	17.1	10.15	 .0764	659	3	100.0	30
02/18/22	12:30 a	7.1	7.2	6.9	95	6.4	0.0	ENE	0.00	0.4	ENE	7.1	7.2	7.2	1032.4	0.00	0.0	0.234	0.000	17.8	55	8.6	17.1	10.25	 .0764	667	3	100.0	30
02/18/22	1:00 a	7.2	7.2	7.1	95	6.4	0.0	---	0.00	0.0	---	7.2	7.3	7.3	1032.7	0.00	0.0	0.233	0.000	17.7	54	8.3	16.9	10.15	 .0764	667	3	100.0	30
02/18/22	1:30 a	7.2	7.2	7.1	95	6.4	0.0	---	0.00	0.0	---	7.2	7.3	7.3	1032.9	0.00	0.0	0.233	0.000	17.8	53	8.1	16.9	9.95	 .0764	664	3	100.0	30
02/18/22	2:00 a	7.3	7.3	7.1	95	6.5	0.0	ENE	0.00	0.4	ENE	7.3	7.4	7.4	1033.1	0.00	0.0	0.230	0.000	18.1	54	8.6	17.3	10.15	 .0764	668	3	100.0	30
02/18/22	2:30 a	7.2	7.3	7.2	94	6.3	0.0	ENE	0.00	0.4	ENE	7.2	7.3	7.3	1032.9	0.00	0.0	0.233	0.000	17.9	54	8.4	17.1	10.15	 .0764	666	3	100.0	30
02/18/22	3:00 a	7.1	7.2	7.1	94	6.2	0.0	ENE	0.00	0.4	ENE	7.1	7.2	7.2	1032.4	0.00	0.0	0.235	0.000	18.0	54	8.5	17.2	10.15	 .0763	666	3	100.0	30
02/18/22	3:30 a	6.9	7.1	6.9	93	5.8	0.0	ENE	0.00	0.4	ENE	6.9	7.0	7.0	1032.3	0.00	0.0	0.238	0.000	17.9	54	8.5	17.2	10.15	 .0763	668	3	100.0	30
02/18/22	4:00 a	6.7	6.9	6.7	94	5.8	0.0	ENE	0.00	0.4	ENE	6.7	6.8	6.8	1032.1	0.00	0.0	0.243	0.000	17.8	54	8.3	17.0	10.15	 .0764	664	3	100.0	30
02/18/22	4:30 a	6.6	6.7	6.6	93	5.5	0.0	---	0.00	0.0	---	6.6	6.6	6.6	1032.0	0.00	0.0	0.245	0.000	17.9	54	8.4	17.1	10.15	 .0763	663	3	100.0	30
02/18/22	5:00 a	6.3	6.6	6.3	94	5.4	0.0	---	0.00	0.0	---	6.3	6.4	6.4	1032.0	0.00	0.0	0.250	0.000	17.8	54	8.3	17.0	10.15	 .0764	667	3	100.0	30
02/18/22	5:30 a	6.4	6.4	6.3	95	5.7	0.0	ENE	0.00	0.4	ENE	6.4	6.6	6.6	1032.2	0.00	0.0	0.248	0.000	17.8	55	8.6	17.1	10.25	 .0764	663	3	100.0	30
02/18/22	6:00 a	6.6	6.6	6.4	93	5.5	0.0	ENE	0.00	0.9	NE	6.6	6.6	6.6	1032.1	0.00	0.0	0.245	0.000	17.8	55	8.6	17.1	10.25	 .0764	668	3	100.0	30
02/18/22	6:30 a	6.4	6.6	6.4	93	5.3	0.0	NE	0.00	0.4	NE	6.4	6.4	6.4	1032.0	0.00	0.0	0.249	0.000	17.8	55	8.6	17.1	10.25	 .0764	663	3	100.0	30
02/18/22	7:00 a	6.3	6.4	6.3	92	5.1	0.0	NNE	0.00	1.3	NNE	6.3	6.3	6.3	1032.1	0.00	0.0	0.251	0.000	17.7	55	8.6	17.0	10.25	 .0764	669	3	100.0	30
02/18/22	7:30 a	6.1	6.3	6.1	93	5.0	0.0	NNE	0.00	0.4	NNE	6.1	6.1	6.1	1032.4	0.00	0.0	0.256	0.000	17.8	55	8.7	17.1	10.25	 .0764	661	3	100.0	30
02/18/22	8:00 a	6.3	6.3	6.1	93	5.2	0.0	NE	0.00	0.9	NE	6.3	6.3	6.3	1032.6	0.00	0.0	0.251	0.000	17.8	55	8.6	17.1	10.25	 .0764	666	3	100.0	30
02/18/22	8:30 a	6.4	6.4	6.3	93	5.3	0.0	---	0.00	0.0	---	6.4	6.4	6.4	1032.9	0.00	0.0	0.249	0.000	17.8	55	8.7	17.1	10.25	 .0764	666	3	100.0	30
02/18/22	9:00 a	7.2	7.2	6.4	92	6.0	0.0	---	0.00	0.0	---	7.2	7.2	7.2	1032.9	0.00	0.0	0.233	0.000	18.0	55	8.8	17.3	10.25	 .0763	665	3	100.0	30
02/18/22	9:30 a	7.9	7.9	7.2	88	6.1	0.0	NE	0.00	1.3	ENE	7.9	8.0	8.0	1032.9	0.00	0.0	0.216	0.000	17.8	58	9.4	17.2	10.75	 .0764	666	3	100.0	30
02/18/22	10:00 a	8.3	8.3	7.9	86	6.1	0.0	ENE	0.00	1.3	ENE	8.3	8.3	8.3	1032.7	0.00	0.0	0.208	0.000	18.1	58	9.7	17.6	10.75	 .0762	662	3	100.0	30
02/18/22	10:30 a	8.7	8.7	8.3	81	5.6	0.4	E	0.80	2.2	S	8.7	8.6	8.6	1032.6	0.00	0.0	0.201	0.000	17.9	57	9.3	17.3	10.64	 .0763	663	3	100.0	30
02/18/22	11:00 a	9.1	9.1	8.6	81	6.0	0.0	E	0.00	1.3	SE	9.1	9.0	9.0	1032.1	0.00	0.0	0.193	0.000	17.9	57	9.3	17.3	10.64	 .0763	664	3	100.0	30
02/18/22	11:30 a	9.7	9.7	9.1	78	6.1	0.4	SSE	0.80	1.8	SSE	9.7	9.7	9.7	1031.8	0.00	0.0	0.179	0.000	17.7	55	8.5	16.9	10.25	 .0764	669	3	100.0	30
02/18/22	12:00 p	10.1	10.1	9.7	74	5.7	0.0	S	0.00	0.9	S	10.1	9.9	9.9	1031.8	0.00	0.0	0.171	0.000	17.6	55	8.5	16.9	10.25	 .0764	666	3	100.0	30
02/18/22	12:30 p	10.2	10.2	10.1	73	5.5	0.0	S	0.00	0.9	S	10.2	10.0	10.0	1031.7	0.00	0.0	0.170	0.000	17.6	55	8.4	16.8	10.25	 .0764	661	3	100.0	30
02/18/22	1:00 p	10.4	10.4	10.1	75	6.2	0.0	S	0.00	0.4	S	10.4	10.3	10.3	1031.3	0.00	0.0	0.164	0.000	17.6	54	8.1	16.8	10.15	 .0764	664	3	100.0	30
02/18/22	1:30 p	11.1	11.1	10.4	72	6.2	0.0	NNW	0.00	0.9	NNW	11.1	10.8	10.8	1030.7	0.00	0.0	0.152	0.000	18.2	54	8.7	17.4	10.15	 .0761	663	3	100.0	30
02/18/22	2:00 p	11.1	11.2	11.1	71	6.0	0.0	NNW	0.00	1.3	NW	11.1	10.8	10.8	1030.5	0.00	0.0	0.150	0.000	18.1	53	8.4	17.3	9.95	 .0762	669	3	100.0	30
02/18/22	2:30 p	11.1	11.2	10.9	70	5.8	0.4	NNW	0.80	1.3	NNW	11.1	10.7	10.7	1030.3	0.00	0.0	0.152	0.000	18.1	52	8.0	17.2	9.75	 .0762	667	3	100.0	30
02/18/22	3:00 p	10.9	11.1	10.9	71	5.8	0.0	NNW	0.00	1.3	NW	10.9	10.6	10.6	1030.0	0.00	0.0	0.155	0.000	17.9	52	7.9	17.1	9.75	 .0762	665	3	100.0	30
02/18/22	3:30 p	10.4	10.9	10.3	72	5.6	0.4	NNW	0.80	1.3	NNW	10.4	10.2	10.2	1029.8	0.00	0.0	0.166	0.000	18.0	51	7.7	17.1	9.56	 .0762	669	3	100.0	30
02/18/22	4:00 p	9.8	10.4	9.8	75	5.6	0.0	NNW	0.00	1.3	NNW	9.8	9.7	9.7	1029.6	0.00	0.0	0.177	0.000	17.8	50	7.3	16.8	9.37	 .0762	667	3	100.0	30
02/18/22	4:30 p	9.3	9.8	9.3	76	5.3	0.0	NNW	0.00	0.9	NNW	9.3	9.1	9.1	1029.5	0.00	0.0	0.189	0.000	18.1	51	7.8	17.1	9.56	 .0761	666	3	100.0	30
02/18/22	5:00 p	9.0	9.3	8.9	79	5.6	0.0	NNW	0.00	0.4	NNW	9.0	8.9	8.9	1028.9	0.00	0.0	0.194	0.000	18.3	51	8.0	17.4	9.55	 .0760	666	3	100.0	30
02/18/22	5:30 p	8.9	8.9	8.8	79	5.4	0.0	---	0.00	0.0	---	8.9	8.8	8.8	1028.6	0.00	0.0	0.197	0.000	17.9	51	7.7	17.0	9.56	 .0761	667	3	100.0	30
02/18/22	6:00 p	8.4	8.8	8.4	79	5.0	0.0	NNW	0.00	0.4	NNW	8.4	8.3	8.3	1028.2	0.00	0.0	0.206	0.000	17.8	51	7.6	16.9	9.57	 .0761	669	3	100.0	30
02/18/22	6:30 p	7.6	8.4	7.6	82	4.7	0.0	---	0.00	0.0	---	7.6	7.5	7.5	1028.1	0.00	0.0	0.225	0.000	17.7	52	7.7	16.8	9.75	 .0761	662	3	100.0	30
02/18/22	7:00 p	6.8	7.6	6.8	86	4.6	0.0	---	0.00	0.0	---	6.8	6.7	6.7	1027.9	0.00	0.0	0.241	0.000	17.4	52	7.5	16.5	9.75	 .0762	666	3	100.0	30
02/18/22	7:30 p	6.1	6.8	6.1	89	4.4	0.0	---	0.00	0.0	---	6.1	6.1	6.1	1027.8	0.00	0.0	0.255	0.000	17.4	52	7.4	16.4	9.75	 .0762	665	3	100.0	30
02/18/22	8:00 p	5.7	6.1	5.7	90	4.2	0.0	---	0.00	0.0	---	5.7	5.7	5.7	1027.6	0.00	0.0	0.263	0.000	17.3	52	7.3	16.3	9.75	 .0762	668	3	100.0	30
02/18/22	8:30 p	5.7	5.7	5.7	92	4.5	0.0	---	0.00	0.0	---	5.7	5.7	5.7	1027.1	0.00	0.0	0.263	0.000	17.1	52	7.1	16.1	9.75	 .0763	664	3	100.0	30
02/18/22	9:00 p	6.1	6.1	5.7	93	5.0	0.0	---	0.00	0.0	---	6.1	6.1	6.1	1027.0	0.00	0.0	0.256	0.000	17.1	53	7.4	16.2	9.95	 .0762	666	3	100.0	30
02/18/22	9:30 p	6.6	6.6	6.1	92	5.3	0.0	---	0.00	0.0	---	6.6	6.6	6.6	1026.8	0.00	0.0	0.245	0.000	17.1	56	8.2	16.3	10.45	 .0762	666	3	100.0	30
02/18/22	10:00 p	6.7	6.7	6.6	91	5.4	0.0	---	0.00	0.0	---	6.7	6.8	6.8	1026.8	0.00	0.0	0.242	0.000	16.8	56	8.0	16.1	10.45	 .0762	663	3	100.0	30
02/18/22	10:30 p	6.8	6.8	6.7	92	5.6	0.0	---	0.00	0.0	---	6.8	6.9	6.9	1026.5	0.00	0.0	0.240	0.000	16.8	56	8.0	16.1	10.45	 .0762	668	3	100.0	30
02/18/22	11:00 p	6.8	6.9	6.8	92	5.6	0.0	---	0.00	0.0	---	6.8	6.9	6.9	1026.3	0.00	0.0	0.240	0.000	16.8	55	7.7	15.9	10.25	 .0762	665	3	100.0	30
02/18/22	11:30 p	6.9	6.9	6.8	92	5.7	0.0	---	0.00	0.0	---	6.9	6.9	6.9	1025.9	0.00	0.0	0.238	0.000	16.8	55	7.7	15.9	10.25	 .0762	666	3	100.0	30
02/19/22	12:00 a	6.9	6.9	6.8	92	5.7	0.0	---	0.00	0.0	---	6.9	6.9	6.9	1025.4	0.00	0.0	0.238	0.000	16.8	55	7.7	16.0	10.25	 .0762	662	3	100.0	30
02/19/22	12:30 a	7.0	7.0	6.8	92	5.8	0.0	---	0.00	0.0	---	7.0	7.1	7.1	1025.4	0.00	0.0	0.236	0.000	16.8	54	7.5	15.9	10.15	 .0762	665	3	100.0	30
02/19/22	1:00 a	7.0	7.1	7.0	92	5.8	0.0	---	0.00	0.0	---	7.0	7.1	7.1	1025.2	0.00	0.0	0.236	0.000	17.0	54	7.6	16.2	10.15	 .0761	664	3	100.0	30
02/19/22	1:30 a	6.9	7.0	6.9	92	5.7	0.0	NNW	0.00	0.4	NNW	6.9	7.0	7.0	1024.9	0.00	0.0	0.237	0.000	17.0	54	7.6	16.2	10.15	 .0761	669	3	100.0	30
02/19/22	2:00 a	6.8	6.9	6.8	91	5.5	0.0	NNW	0.00	0.4	NNW	6.8	6.9	6.9	1024.4	0.00	0.0	0.240	0.000	17.0	54	7.6	16.2	10.15	 .0760	667	3	100.0	30
02/19/22	2:30 a	6.9	6.9	6.8	89	5.2	0.0	---	0.00	0.0	---	6.9	6.9	6.9	1024.0	0.00	0.0	0.238	0.000	16.9	54	7.6	16.1	10.15	 .0760	668	3	100.0	30
02/19/22	3:00 a	6.9	7.0	6.9	89	5.3	0.0	E	0.00	0.9	E	6.9	7.0	7.0	1023.0	0.00	0.0	0.237	0.000	16.9	54	7.6	16.1	10.15	 .0759	668	3	100.0	30
02/19/22	3:30 a	6.9	7.0	6.9	89	5.3	0.0	E	0.00	0.4	E	6.9	7.0	7.0	1022.9	0.00	0.0	0.237	0.000	17.0	54	7.6	16.2	10.15	 .0759	666	3	100.0	30
02/19/22	4:00 a	6.9	6.9	6.9	90	5.4	0.0	E	0.00	0.4	E	6.9	7.0	7.0	1022.7	0.00	0.0	0.237	0.000	17.0	53	7.3	16.1	9.95	 .0759	669	3	100.0	30
02/19/22	4:30 a	6.9	6.9	6.9	90	5.4	0.0	E	0.00	0.4	E	6.9	6.9	6.9	1022.4	0.00	0.0	0.238	0.000	16.6	53	7.0	15.7	9.95	 .0760	666	3	100.0	30
02/19/22	5:00 a	6.8	6.9	6.8	91	5.4	0.0	E	0.00	0.4	E	6.8	6.8	6.8	1022.6	0.00	0.0	0.241	0.000	16.4	53	6.8	15.4	9.95	 .0761	666	3	100.0	30
02/19/22	5:30 a	6.6	6.8	6.6	92	5.3	0.0	E	0.00	0.9	E	6.6	6.6	6.6	1022.9	0.00	0.0	0.245	0.000	16.2	54	6.8	15.2	10.15	 .0762	668	3	100.0	30
02/19/22	6:00 a	6.1	6.6	6.1	93	5.1	0.0	E	0.00	0.4	E	6.1	6.2	6.2	1022.3	0.00	0.0	0.255	0.000	16.1	54	6.7	15.1	10.15	 .0762	666	3	100.0	30
02/19/22	6:30 a	5.7	6.1	5.7	92	4.5	0.0	SSE	0.00	2.2	SSE	5.7	5.7	5.7	1021.5	0.25	0.0	0.263	0.000	15.9	54	6.6	15.0	10.15	 .0762	665	3	100.0	30
02/19/22	7:00 a	5.4	5.7	5.4	89	3.8	0.4	SE	0.80	1.3	S	5.4	5.4	5.4	1021.3	0.00	0.0	0.269	0.000	15.8	54	6.5	14.8	10.15	 .0762	666	3	100.0	30
02/19/22	7:30 a	5.3	5.4	5.3	89	3.6	0.0	SE	0.00	1.8	SE	5.3	5.2	5.2	1021.5	0.00	0.0	0.272	0.000	15.6	55	6.6	14.7	10.25	 .0762	666	3	100.0	30
02/19/22	8:00 a	5.2	5.3	5.2	92	4.0	0.0	S	0.00	1.3	SE	5.2	5.2	5.2	1021.6	0.00	0.0	0.274	0.000	15.4	54	6.2	14.5	10.15	 .0763	665	3	100.0	30
02/19/22	8:30 a	5.2	5.2	5.2	93	4.1	0.4	SW	0.80	1.3	SE	5.2	5.2	5.2	1021.5	0.00	0.0	0.274	0.000	15.3	54	6.0	14.3	10.15	 .0764	661	3	100.0	30
02/19/22	9:00 a	5.2	5.2	5.2	94	4.3	0.4	S	0.80	1.8	E	5.2	5.2	5.2	1021.1	0.00	0.0	0.274	0.000	15.1	54	5.9	14.2	10.15	 .0764	669	3	100.0	30
02/19/22	9:30 a	5.2	5.2	5.2	94	4.3	0.4	ESE	0.80	1.8	ESE	5.2	5.3	5.3	1021.4	0.00	0.0	0.273	0.000	14.9	54	5.7	14.0	10.15	 .0765	665	3	100.0	30
02/19/22	10:00 a	5.4	5.4	5.2	94	4.5	0.4	SSE	0.80	1.8	SE	5.4	5.4	5.4	1020.3	0.00	0.0	0.270	0.000	14.8	55	5.9	13.9	10.28	 .0764	668	3	100.0	30
02/19/22	10:30 a	5.7	5.7	5.4	93	4.6	0.9	SE	1.61	4.0	SE	5.7	5.7	5.7	1019.1	0.00	0.0	0.264	0.000	14.7	55	5.7	13.8	10.28	 .0764	663	3	100.0	30
02/19/22	11:00 a	6.1	6.1	5.7	91	4.7	0.4	SE	0.80	4.0	NE	6.1	6.1	6.1	1020.3	0.00	0.0	0.256	0.000	14.6	55	5.6	13.7	10.29	 .0765	668	3	100.0	30
02/19/22	11:30 a	6.4	6.4	6.1	90	4.9	0.4	SE	0.80	3.1	SE	6.4	6.4	6.4	1019.9	0.00	0.0	0.249	0.000	14.4	55	5.5	13.6	10.29	 .0765	659	3	100.0	30
02/19/22	12:00 p	6.7	6.7	6.4	89	5.0	0.4	SE	0.80	2.7	SSE	6.7	6.7	6.7	1019.2	0.00	0.0	0.243	0.000	14.3	55	5.4	13.4	10.29	 .0765	668	3	100.0	30
02/19/22	12:30 p	7.2	7.2	6.7	87	5.1	0.9	SE	1.61	2.7	S	7.2	7.2	7.2	1018.3	0.00	0.0	0.233	0.000	14.2	55	5.3	13.3	10.30	 .0764	667	3	100.0	30
02/19/22	1:00 p	7.6	7.6	7.2	87	5.6	0.4	S	0.80	2.2	SSE	7.6	7.6	7.6	1018.2	0.00	0.0	0.223	0.000	14.2	55	5.2	13.3	10.30	 .0764	668	3	100.0	30
02/19/22	1:30 p	8.2	8.2	7.6	86	6.0	0.4	SE	0.80	1.8	WSW	8.2	8.2	8.2	1017.6	0.00	0.0	0.211	0.000	14.1	55	5.1	13.2	10.30	 .0764	667	3	100.0	30
02/19/22	2:00 p	8.6	8.6	8.2	84	6.0	0.4	SE	0.80	1.8	SE	8.6	8.6	8.6	1017.3	0.00	0.0	0.204	0.000	14.1	57	5.7	13.2	10.60	 .0764	666	3	100.0	30
02/19/22	2:30 p	9.2	9.2	8.6	83	6.5	0.4	SE	0.80	2.2	S	9.2	9.2	9.2	1016.9	0.00	0.0	0.190	0.000	14.1	56	5.4	13.2	10.45	 .0764	667	3	100.0	30
02/19/22	3:00 p	9.4	9.4	9.2	83	6.6	0.4	SSE	0.80	3.1	WNW	9.4	9.4	9.4	1016.5	0.00	0.0	0.186	0.000	14.2	57	5.8	13.3	10.60	 .0763	669	3	100.0	30
02/19/22	3:30 p	9.0	9.4	9.0	85	6.6	0.9	SSE	1.61	2.7	SSE	9.0	9.0	9.0	1016.5	0.00	0.0	0.194	0.000	14.4	61	7.0	13.8	11.25	 .0762	667	3	100.0	30
02/19/22	4:00 p	8.8	9.0	8.8	86	6.6	0.9	SE	1.61	3.6	SE	8.8	8.8	8.8	1016.3	0.00	0.0	0.199	0.000	14.6	61	7.2	13.9	11.25	 .0761	660	3	100.0	30
02/19/22	4:30 p	8.6	8.8	8.6	87	6.5	0.4	SE	0.80	2.7	E	8.6	8.6	8.6	1016.1	0.00	0.0	0.204	0.000	14.6	60	6.9	13.8	11.11	 .0761	667	3	100.0	30
02/19/22	5:00 p	8.4	8.6	8.4	88	6.6	0.4	SSE	0.80	2.2	NNE	8.4	8.5	8.5	1015.7	0.00	0.0	0.206	0.000	16.2	57	7.6	15.4	10.57	 .0756	664	3	100.0	30
02/19/22	5:30 p	8.3	8.4	8.3	89	6.6	0.4	SW	0.80	2.7	N	8.3	8.4	8.4	1015.3	0.00	0.0	0.209	0.000	18.4	53	8.6	17.6	9.95	 .0749	666	3	100.0	30
02/19/22	6:00 p	8.3	8.3	8.2	90	6.7	0.4	SSW	0.80	2.2	NW	8.3	8.4	8.4	1014.8	0.00	0.0	0.209	0.000	18.7	54	9.2	18.1	10.12	 .0748	667	3	100.0	30
02/19/22	6:30 p	8.4	8.4	8.3	90	6.8	0.0	W	0.00	1.3	NW	8.4	8.5	8.5	1015.0	0.00	0.0	0.207	0.000	18.2	55	9.0	17.6	10.25	 .0749	668	3	100.0	30
02/19/22	7:00 p	8.4	8.4	8.3	90	6.8	0.4	SE	0.80	1.8	SSE	8.4	8.5	8.5	1014.9	0.00	0.0	0.207	0.000	17.9	55	8.7	17.2	10.25	 .0750	666	3	100.0	30
02/19/22	7:30 p	8.0	8.4	8.0	85	5.6	0.0	SSW	0.00	1.3	N	8.0	8.0	8.0	1015.2	0.00	0.0	0.215	0.000	17.6	55	8.5	16.9	10.25	 .0751	666	3	100.0	30
02/19/22	8:00 p	7.8	8.0	7.7	87	5.7	0.0	SSW	0.00	0.9	SSW	7.8	7.8	7.8	1015.0	0.00	0.0	0.220	0.000	17.4	55	8.3	16.7	10.25	 .0752	665	3	100.0	30
02/19/22	8:30 p	7.8	7.9	7.7	85	5.5	0.0	SSE	0.00	1.3	NW	7.8	7.8	7.8	1014.9	0.00	0.0	0.219	0.000	17.1	55	8.0	16.3	10.25	 .0753	660	3	100.0	30
02/19/22	9:00 p	7.1	7.8	7.1	85	4.8	0.0	WSW	0.00	0.9	SSW	7.1	7.1	7.1	1015.4	0.00	0.0	0.234	0.000	17.0	55	7.9	16.2	10.25	 .0754	665	3	100.0	30
02/19/22	9:30 p	6.7	7.1	6.7	85	4.3	0.0	NW	0.00	1.3	NW	6.7	6.6	6.6	1015.3	0.00	0.0	0.243	0.000	17.1	55	7.9	16.3	10.25	 .0753	663	3	100.0	30
02/19/22	10:00 p	6.6	6.7	6.5	84	4.0	0.0	SSW	0.00	1.3	SW	6.6	6.5	6.5	1015.3	0.00	0.0	0.245	0.000	16.9	54	7.6	16.1	10.15	 .0754	663	3	100.0	30
02/19/22	10:30 p	6.6	6.7	6.6	84	4.1	0.0	NNW	0.00	0.9	SSW	6.6	6.6	6.6	1015.1	0.00	0.0	0.244	0.000	16.9	55	7.8	16.1	10.25	 .0754	665	3	100.0	30
02/19/22	11:00 p	6.5	6.6	6.5	84	4.0	0.0	NNW	0.00	0.9	NNW	6.5	6.4	6.4	1014.8	0.00	0.0	0.247	0.000	16.7	55	7.6	15.9	10.25	 .0754	665	3	100.0	30
02/19/22	11:30 p	6.3	6.5	6.3	85	3.9	0.0	NW	0.00	0.4	NNW	6.3	6.2	6.2	1014.9	0.00	0.0	0.251	0.000	16.8	55	7.7	15.9	10.25	 .0754	660	3	100.0	30
02/20/22	12:00 a	6.2	6.3	6.2	86	4.0	0.0	WSW	0.00	1.3	SE	6.2	6.1	6.1	1014.7	0.00	0.0	0.253	0.000	16.7	55	7.6	15.8	10.25	 .0754	664	3	100.0	30
02/20/22	12:30 a	6.0	6.2	6.0	87	4.0	0.0	SW	0.00	1.3	S	6.0	5.9	5.9	1014.4	0.00	0.0	0.257	0.000	16.5	58	8.2	15.8	10.75	 .0754	663	3	100.0	30
02/20/22	1:00 a	6.1	6.1	6.0	88	4.2	0.0	SW	0.00	0.9	SSW	6.1	6.1	6.1	1014.6	0.00	0.0	0.256	0.000	16.6	58	8.3	15.9	10.75	 .0754	666	3	100.0	30
02/20/22	1:30 a	5.9	6.1	5.9	89	4.3	0.0	WNW	0.00	0.9	WSW	5.9	5.9	5.9	1014.4	0.00	0.0	0.258	0.000	16.4	58	8.1	15.7	10.75	 .0754	667	3	100.0	30
02/20/22	2:00 a	5.8	5.9	5.8	89	4.1	0.0	W	0.00	0.4	W	5.8	5.8	5.8	1014.3	0.00	0.0	0.262	0.000	16.4	58	8.2	15.7	10.75	 .0754	668	3	100.0	30
02/20/22	2:30 a	5.9	5.9	5.7	90	4.4	0.0	W	0.00	0.9	W	5.9	5.9	5.9	1013.9	0.00	0.0	0.259	0.000	16.4	58	8.1	15.7	10.75	 .0754	660	3	100.0	30
02/20/22	3:00 a	5.8	5.9	5.8	91	4.4	0.0	SSE	0.00	0.4	SSE	5.8	5.8	5.8	1013.8	0.51	1.3	0.262	0.000	16.3	57	7.8	15.6	10.58	 .0754	669	3	100.0	30
02/20/22	3:30 a	5.6	5.8	5.6	92	4.4	0.0	SSE	0.00	0.4	SSE	5.6	5.6	5.6	1013.4	0.51	2.5	0.265	0.000	16.3	57	7.8	15.6	10.58	 .0754	667	3	100.0	30
02/20/22	4:00 a	5.5	5.6	5.5	93	4.5	0.0	SSE	0.00	0.4	SSE	5.5	5.6	5.6	1013.2	0.00	0.0	0.267	0.000	16.3	57	7.8	15.6	10.58	 .0754	668	3	100.0	30
02/20/22	4:30 a	5.4	5.5	5.4	93	4.3	0.0	---	0.00	0.0	---	5.4	5.4	5.4	1013.3	0.00	0.0	0.270	0.000	16.4	56	7.6	15.6	10.45	 .0753	665	3	100.0	30
02/20/22	5:00 a	5.4	5.4	5.3	94	4.5	0.0	---	0.00	0.0	---	5.4	5.4	5.4	1013.4	0.25	0.0	0.270	0.000	16.5	56	7.7	15.7	10.45	 .0753	668	3	100.0	30
02/20/22	5:30 a	5.4	5.4	5.3	94	4.5	0.0	---	0.00	0.0	---	5.4	5.4	5.4	1013.3	0.76	3.0	0.270	0.000	16.4	56	7.6	15.6	10.45	 .0754	666	3	100.0	30
02/20/22	6:00 a	5.2	5.4	5.2	94	4.3	0.0	SSE	0.00	0.9	SSE	5.2	5.3	5.3	1013.1	0.00	0.0	0.273	0.000	16.3	56	7.5	15.5	10.45	 .0754	667	3	100.0	30
02/20/22	6:30 a	5.1	5.2	5.1	95	4.4	0.0	---	0.00	0.0	---	5.1	5.2	5.2	1013.2	0.25	0.0	0.275	0.000	16.3	56	7.5	15.5	10.45	 .0754	667	3	100.0	30
02/20/22	7:00 a	5.1	5.2	5.1	95	4.4	0.0	ESE	0.00	0.9	ESE	5.1	5.2	5.2	1013.5	0.00	0.0	0.275	0.000	16.4	56	7.6	15.6	10.45	 .0754	667	3	100.0	30
02/20/22	7:30 a	4.8	5.1	4.8	95	4.1	0.0	---	0.00	0.0	---	4.8	4.9	4.9	1013.8	0.00	0.0	0.281	0.000	16.4	56	7.6	15.6	10.45	 .0754	665	3	100.0	30
02/20/22	8:00 a	4.9	4.9	4.8	95	4.2	0.0	---	0.00	0.0	---	4.9	5.0	5.0	1014.4	0.00	0.0	0.279	0.000	16.4	56	7.6	15.6	10.45	 .0754	667	3	100.0	30
02/20/22	8:30 a	4.9	4.9	4.9	95	4.2	0.0	ESE	0.00	0.9	ESE	4.9	5.0	5.0	1014.7	0.00	0.0	0.279	0.000	16.3	56	7.5	15.4	10.45	 .0755	669	3	100.0	30
02/20/22	9:00 a	5.2	5.2	4.9	95	4.4	0.0	ESE	0.00	0.4	ESE	5.2	5.2	5.2	1014.9	0.00	0.0	0.274	0.000	16.3	56	7.5	15.5	10.45	 .0755	667	3	100.0	30
02/20/22	9:30 a	5.9	5.9	5.2	94	5.1	0.0	S	0.00	1.3	SE	5.9	6.0	6.0	1014.9	0.00	0.0	0.258	0.000	16.4	55	7.3	15.6	10.25	 .0755	666	3	100.0	30
02/20/22	10:00 a	7.1	7.1	5.9	91	5.7	0.4	SSE	0.80	1.8	SSE	7.1	7.1	7.1	1014.7	0.00	0.0	0.235	0.000	16.4	55	7.3	15.6	10.25	 .0755	666	3	100.0	30
02/20/22	10:30 a	8.4	8.6	7.1	81	5.4	0.4	SE	0.80	1.8	SE	8.4	8.4	8.4	1015.1	0.00	0.0	0.206	0.000	16.5	55	7.4	15.7	10.25	 .0755	667	3	100.0	30
02/20/22	11:00 a	8.2	8.5	8.2	83	5.5	0.4	ESE	0.80	2.2	NNE	8.2	8.2	8.2	1014.9	0.00	0.0	0.211	0.000	16.5	55	7.4	15.7	10.25	 .0755	667	3	100.0	30
02/20/22	11:30 a	8.7	8.7	8.1	80	5.4	0.4	SE	0.80	1.3	ESE	8.7	8.6	8.6	1014.9	0.00	0.0	0.201	0.000	16.5	55	7.4	15.7	10.25	 .0755	670	3	100.0	30
02/20/22	12:00 p	9.3	9.4	8.7	74	4.9	0.4	SSE	0.80	0.9	SSW	9.3	9.2	9.2	1014.7	0.00	0.0	0.188	0.000	16.6	55	7.5	15.7	10.25	 .0754	665	3	100.0	30
02/20/22	12:30 p	9.1	9.3	9.1	75	4.9	0.4	SSW	0.80	1.3	SE	9.1	8.9	8.9	1014.7	0.00	0.0	0.193	0.000	16.6	55	7.5	15.8	10.25	 .0754	667	3	100.0	30
02/20/22	1:00 p	9.2	9.2	8.7	72	4.4	0.0	S	0.00	0.9	S	9.2	8.9	8.9	1014.4	0.00	0.0	0.191	0.000	16.7	55	7.6	15.8	10.25	 .0754	669	3	100.0	30
02/20/22	1:30 p	9.6	9.6	9.2	69	4.2	0.0	NE	0.00	1.3	WNW	9.6	9.4	9.4	1014.1	0.00	0.0	0.182	0.000	16.7	55	7.6	15.9	10.25	 .0753	665	3	100.0	30
02/20/22	2:00 p	9.8	9.9	9.6	66	3.7	0.4	SSW	0.80	1.3	E	9.8	9.4	9.4	1013.7	0.00	0.0	0.178	0.000	16.6	55	7.5	15.8	10.25	 .0753	668	3	100.0	30
02/20/22	2:30 p	8.8	9.8	8.8	76	4.8	0.4	NNW	0.80	1.8	NE	8.8	8.7	8.7	1013.6	0.00	0.0	0.198	0.000	16.6	55	7.5	15.7	10.25	 .0754	667	3	100.0	30
02/20/22	3:00 p	7.9	8.8	7.9	76	4.0	0.4	ESE	0.80	2.2	SSE	7.9	7.8	7.8	1013.8	0.00	0.0	0.216	0.000	16.7	55	7.6	15.8	10.25	 .0753	667	3	100.0	30
02/20/22	3:30 p	7.8	7.9	7.8	77	4.0	0.4	ESE	0.80	1.8	ESE	7.8	7.7	7.7	1013.8	0.00	0.0	0.219	0.000	16.7	56	7.9	15.9	10.45	 .0753	667	3	100.0	30
02/20/22	4:00 p	7.7	7.8	7.7	77	3.9	0.4	ENE	0.80	2.7	SSE	7.7	7.6	7.6	1014.0	0.25	0.0	0.221	0.000	16.8	56	8.0	16.1	10.45	 .0753	664	3	100.0	30
02/20/22	4:30 p	6.4	7.7	6.4	80	3.2	0.0	NNW	0.00	2.7	SSE	6.4	6.3	6.3	1013.6	0.25	1.0	0.249	0.000	16.7	56	7.8	15.9	10.45	 .0753	667	3	100.0	30
02/20/22	5:00 p	6.2	6.4	6.2	85	3.8	0.0	NW	0.00	0.9	NW	6.2	6.1	6.1	1013.5	0.00	0.0	0.253	0.000	16.6	56	7.8	15.8	10.45	 .0753	667	3	100.0	30
02/20/22	5:30 p	5.6	6.2	5.6	84	3.1	0.0	NW	0.00	0.9	NW	5.6	5.5	5.5	1013.5	0.00	0.0	0.265	0.000	16.7	56	7.8	15.9	10.45	 .0753	668	3	100.0	30
02/20/22	6:00 p	5.2	5.6	5.2	88	3.4	0.0	NNE	0.00	0.9	NNE	5.2	5.2	5.2	1013.7	0.00	0.0	0.273	0.000	16.6	56	7.8	15.8	10.45	 .0753	668	3	100.0	30
02/20/22	6:30 p	5.3	5.3	5.2	90	3.8	0.0	ENE	0.00	0.9	ENE	5.3	5.3	5.3	1013.8	0.00	0.0	0.271	0.000	16.4	56	7.6	15.6	10.45	 .0754	664	3	100.0	30
02/20/22	7:00 p	5.2	5.4	5.2	91	3.9	0.0	ESE	0.00	1.3	N	5.2	5.2	5.2	1013.9	0.51	0.0	0.273	0.000	16.4	56	7.6	15.6	10.45	 .0754	666	3	100.0	30
02/20/22	7:30 p	4.9	5.2	4.9	92	3.7	0.0	SE	0.00	0.9	SE	4.9	4.9	4.9	1014.0	1.27	5.1	0.280	0.000	16.4	56	7.6	15.6	10.45	 .0754	665	3	100.0	30
02/20/22	8:00 p	4.7	4.9	4.7	92	3.5	0.0	SE	0.00	0.4	SE	4.7	4.7	4.7	1014.0	1.02	4.8	0.284	0.000	16.5	56	7.7	15.7	10.45	 .0754	668	3	100.0	30
02/20/22	8:30 p	4.3	4.7	4.3	92	3.1	0.0	SE	0.00	0.4	SE	4.3	4.3	4.3	1013.7	0.25	1.5	0.293	0.000	16.2	56	7.4	15.4	10.45	 .0755	670	3	100.0	30
02/20/22	9:00 p	3.9	4.3	3.9	93	2.9	0.0	SE	0.00	0.9	SE	3.9	3.9	3.9	1013.7	0.00	0.0	0.300	0.000	16.2	56	7.4	15.4	10.45	 .0754	667	3	100.0	30
02/20/22	9:30 p	3.7	3.9	3.6	93	2.6	0.0	SE	0.00	0.4	SE	3.7	3.7	3.7	1013.8	0.00	0.0	0.306	0.000	16.3	56	7.5	15.4	10.45	 .0754	667	3	100.0	30
02/20/22	10:00 p	3.2	3.7	3.2	93	2.1	0.0	---	0.00	0.0	---	3.2	3.2	3.2	1014.2	0.00	0.0	0.316	0.000	16.2	56	7.4	15.4	10.45	 .0755	664	3	100.0	30
02/20/22	10:30 p	3.1	3.2	2.9	95	2.4	0.0	---	0.00	0.0	---	3.1	3.1	3.1	1014.0	0.00	0.0	0.317	0.000	16.2	56	7.4	15.4	10.45	 .0755	669	3	100.0	30
02/20/22	11:00 p	3.8	3.8	3.1	95	3.1	0.0	SE	0.00	1.8	SSE	3.8	3.8	3.8	1013.9	0.00	0.0	0.303	0.000	16.2	55	7.2	15.3	10.25	 .0755	664	3	100.0	30
02/20/22	11:30 p	3.8	3.8	3.8	94	2.9	0.0	S	0.00	0.9	SE	3.8	3.8	3.8	1013.7	0.00	0.0	0.303	0.000	16.2	55	7.1	15.3	10.25	 .0755	666	3	100.0	30
02/21/22	12:00 a	3.7	3.8	3.7	94	2.8	0.4	SSE	0.80	1.8	SSE	3.7	3.7	3.7	1013.4	0.00	0.0	0.304	0.000	16.2	55	7.1	15.3	10.25	 .0755	666	3	100.0	30
02/21/22	12:30 a	3.4	3.7	3.4	94	2.6	0.0	SE	0.00	0.9	SE	3.4	3.4	3.4	1013.2	0.00	0.0	0.310	0.000	16.2	55	7.1	15.3	10.25	 .0754	587	3	90.2	30
02/21/22	1:00 a	3.1	3.4	3.1	94	2.2	0.0	SE	0.00	1.3	ESE	3.1	3.1	3.1	1013.1	0.00	0.0	0.318	0.000	16.2	55	7.1	15.3	10.25	 .0754	666	3	100.0	30
02/21/22	1:30 a	3.1	3.1	3.0	95	2.4	0.4	SE	0.80	1.3	SE	3.1	3.1	3.1	1012.9	0.00	0.0	0.317	0.000	16.1	55	7.0	15.2	10.25	 .0755	665	3	100.0	30
02/21/22	2:00 a	3.3	3.4	3.1	94	2.5	0.4	SE	0.80	1.8	S	3.3	3.3	3.3	1012.7	0.00	0.0	0.313	0.000	16.1	55	7.0	15.2	10.25	 .0754	663	3	100.0	30
02/21/22	2:30 a	3.5	3.5	3.3	94	2.6	0.4	S	0.80	1.8	S	3.5	3.5	3.5	1012.4	0.00	0.0	0.309	0.000	16.0	55	7.0	15.1	10.25	 .0754	664	3	100.0	30
02/21/22	3:00 a	3.6	3.6	3.5	94	2.7	0.4	SSE	0.80	1.3	S	3.6	3.6	3.6	1012.1	0.00	0.0	0.308	0.000	16.0	55	7.0	15.1	10.25	 .0754	667	3	100.0	30
02/21/22	3:30 a	3.6	3.6	3.6	94	2.7	0.0	SSE	0.00	0.9	S	3.6	3.6	3.6	1011.8	0.00	0.0	0.307	0.000	16.1	54	6.8	15.2	10.15	 .0754	664	3	100.0	30
02/21/22	4:00 a	3.7	3.7	3.6	93	2.6	0.0	SSE	0.00	1.8	SE	3.7	3.7	3.7	1011.4	0.00	0.0	0.306	0.000	16.0	54	6.7	15.1	10.15	 .0754	665	3	100.0	30
02/21/22	4:30 a	3.7	3.7	3.6	93	2.6	0.0	S	0.00	0.9	S	3.7	3.7	3.7	1011.4	0.00	0.0	0.306	0.000	16.1	54	6.7	15.1	10.15	 .0754	666	3	100.0	30
02/21/22	5:00 a	3.8	3.8	3.7	94	2.9	0.0	SE	0.00	1.8	SSE	3.8	3.8	3.8	1011.4	0.00	0.0	0.303	0.000	16.2	53	6.6	15.2	9.95	 .0753	663	3	100.0	30
02/21/22	5:30 a	3.8	3.8	3.8	94	3.0	0.0	S	0.00	0.9	SSE	3.8	3.8	3.8	1011.2	0.51	0.0	0.302	0.000	16.1	53	6.5	15.1	9.95	 .0754	668	3	100.0	30
02/21/22	6:00 a	3.7	3.8	3.7	94	2.8	0.0	S	0.00	0.4	S	3.7	3.7	3.7	1011.2	0.25	0.0	0.306	0.000	16.1	54	6.8	15.2	10.15	 .0753	667	3	100.0	30
02/21/22	6:30 a	3.3	3.7	3.3	94	2.4	0.0	WNW	0.00	0.9	WNW	3.3	3.3	3.3	1011.1	1.02	4.3	0.314	0.000	16.2	53	6.6	15.2	9.95	 .0753	668	3	100.0	30
02/21/22	7:00 a	3.5	3.5	3.3	95	2.8	0.0	S	0.00	1.8	SSE	3.5	3.5	3.5	1011.3	0.00	0.0	0.309	0.000	16.0	53	6.4	15.0	9.95	 .0754	668	3	100.0	30
02/21/22	7:30 a	3.5	3.6	3.5	95	2.8	0.4	SSE	0.80	1.8	SSE	3.5	3.5	3.5	1011.5	0.25	0.0	0.309	0.000	16.1	53	6.5	15.1	9.95	 .0754	666	3	100.0	30
02/21/22	8:00 a	3.5	3.5	3.4	95	2.8	0.0	SSE	0.00	1.3	SSE	3.5	3.5	3.5	1011.8	0.00	0.0	0.309	0.000	16.2	53	6.6	15.2	9.95	 .0754	668	3	100.0	30
02/21/22	8:30 a	3.8	3.8	3.5	95	3.1	0.0	SSE	0.00	1.3	SSE	3.8	3.8	3.8	1012.2	0.00	0.0	0.302	0.000	16.2	53	6.6	15.3	9.95	 .0754	667	3	100.0	30
02/21/22	9:00 a	3.7	3.9	3.7	94	2.8	0.4	E	0.80	1.3	ESE	3.7	3.7	3.7	1012.2	0.00	0.0	0.304	0.000	16.2	53	6.6	15.2	9.95	 .0754	663	3	100.0	30
02/21/22	9:30 a	3.8	3.8	3.7	94	2.9	0.0	NE	0.00	1.3	ESE	3.8	3.8	3.8	1012.4	0.00	0.0	0.303	0.000	16.2	53	6.6	15.3	9.95	 .0754	666	3	100.0	30
02/21/22	10:00 a	4.7	4.7	3.8	92	3.5	0.0	NNE	0.00	0.9	ESE	4.7	4.7	4.7	1012.5	0.00	0.0	0.285	0.000	16.2	53	6.6	15.3	9.95	 .0754	663	3	100.0	30
02/21/22	10:30 a	5.4	5.6	4.7	86	3.3	0.0	NNW	0.00	1.3	NW	5.4	5.3	5.3	1012.5	0.00	0.0	0.269	0.000	16.2	53	6.6	15.2	9.95	 .0754	663	3	100.0	30
02/21/22	11:00 a	5.4	5.4	5.3	85	3.1	0.0	NNW	0.00	0.9	WNW	5.4	5.3	5.3	1012.9	0.00	0.0	0.270	0.000	16.3	53	6.7	15.3	9.95	 .0754	665	3	100.0	30
02/21/22	11:30 a	5.3	5.7	5.3	86	3.2	0.4	WNW	0.80	1.3	W	5.3	5.2	5.2	1013.2	0.00	0.0	0.271	0.000	16.2	52	6.3	15.2	9.75	 .0755	665	3	100.0	30
02/21/22	12:00 p	5.6	5.6	5.2	86	3.4	0.4	NW	0.80	2.2	NW	5.6	5.4	5.4	1013.3	0.00	0.0	0.266	0.000	16.2	52	6.3	15.2	9.75	 .0755	666	3	100.0	30
02/21/22	12:30 p	5.4	5.6	5.4	85	3.1	0.9	NNW	1.61	3.6	NNW	5.4	5.3	5.3	1013.2	0.00	0.0	0.269	0.000	16.2	53	6.6	15.2	9.95	 .0755	664	3	100.0	30
02/21/22	1:00 p	5.8	5.9	5.4	79	2.5	0.9	NW	1.61	4.0	WNW	5.8	5.7	5.7	1013.2	0.00	0.0	0.260	0.000	16.2	52	6.3	15.2	9.75	 .0755	669	3	100.0	30
02/21/22	1:30 p	5.8	5.9	5.7	70	0.8	1.3	NNW	2.41	4.9	WSW	5.1	5.5	4.8	1013.2	0.00	0.0	0.260	0.000	16.2	52	6.3	15.2	9.75	 .0755	665	3	100.0	30
02/21/22	2:00 p	6.3	6.3	5.7	67	0.6	0.9	N	1.61	3.6	N	6.3	5.9	5.9	1013.2	0.00	0.0	0.251	0.000	16.3	52	6.4	15.3	9.75	 .0754	668	3	100.0	30
02/21/22	2:30 p	5.7	6.3	5.7	60	-1.4	1.8	NNW	3.22	4.9	N	4.4	5.3	4.0	1013.0	0.00	0.0	0.263	0.000	16.2	52	6.3	15.2	9.75	 .0755	668	3	100.0	30
02/21/22	3:00 p	5.2	5.7	5.2	58	-2.4	1.8	N	3.22	5.4	SW	3.8	4.7	3.3	1013.2	0.00	0.0	0.274	0.000	16.2	51	6.0	15.1	9.63	 .0755	667	3	100.0	30
02/21/22	3:30 p	4.8	5.2	4.8	59	-2.5	1.3	NNW	2.41	4.5	N	4.0	4.4	3.6	1013.2	0.00	0.0	0.281	0.000	16.1	51	5.9	15.0	9.63	 .0755	664	3	100.0	30
02/21/22	4:00 p	4.6	4.8	4.6	59	-2.7	1.3	NNW	2.41	6.7	WSW	3.7	4.2	3.3	1013.5	0.00	0.0	0.286	0.000	16.1	51	5.9	15.0	9.63	 .0756	667	3	100.0	30
02/21/22	4:30 p	4.3	4.6	4.3	60	-2.8	1.8	NW	3.22	5.8	NNW	2.8	3.9	2.4	1013.9	0.00	0.0	0.292	0.000	16.1	51	5.9	15.0	9.63	 .0756	669	3	100.0	30
02/21/22	5:00 p	3.8	4.3	3.8	58	-3.7	1.3	N	2.41	5.8	NW	2.8	3.4	2.4	1014.0	0.00	0.0	0.302	0.000	16.1	50	5.6	14.9	9.43	 .0756	665	3	100.0	30
02/21/22	5:30 p	3.3	3.8	3.3	61	-3.5	1.3	NW	2.41	5.4	WNW	2.3	2.9	1.8	1014.0	0.00	0.0	0.313	0.000	15.9	50	5.5	14.8	9.44	 .0757	665	3	100.0	30
02/21/22	6:00 p	3.0	3.4	3.0	65	-2.9	1.3	NNW	2.41	4.5	NW	1.9	2.6	1.5	1014.3	0.00	0.0	0.319	0.000	15.9	50	5.5	14.8	9.44	 .0757	666	3	100.0	30
02/21/22	6:30 p	2.9	3.0	2.9	66	-2.8	1.3	NNW	2.41	4.0	W	1.8	2.5	1.4	1014.5	0.00	0.0	0.322	0.000	15.9	50	5.5	14.8	9.44	 .0757	667	3	100.0	30
02/21/22	7:00 p	2.7	2.9	2.7	65	-3.2	1.3	N	2.41	4.9	NW	1.6	2.3	1.2	1014.7	0.00	0.0	0.325	0.000	15.8	47	4.5	14.6	8.94	 .0758	666	3	100.0	30
02/21/22	7:30 p	2.6	2.7	2.5	65	-3.4	0.9	NW	1.61	4.0	WNW	2.2	2.2	1.8	1015.5	0.00	0.0	0.329	0.000	16.6	55	7.5	15.7	10.25	 .0755	662	3	100.0	30
02/21/22	8:00 p	2.5	2.6	2.5	66	-3.2	0.9	NNW	1.61	4.0	NNW	2.2	2.1	1.8	1015.7	0.00	0.0	0.330	0.000	16.6	52	6.7	15.7	9.75	 .0755	664	3	100.0	30
02/21/22	8:30 p	2.3	2.5	2.3	67	-3.2	0.9	NNW	1.61	4.0	SSE	2.0	1.9	1.6	1016.0	0.00	0.0	0.333	0.000	16.5	50	6.0	15.4	9.42	 .0756	666	3	100.0	30
02/21/22	9:00 p	2.1	2.3	2.1	68	-3.2	0.9	NW	1.61	4.0	NW	1.7	1.8	1.4	1016.2	0.00	0.0	0.338	0.000	16.6	50	6.1	15.5	9.41	 .0756	663	3	100.0	30
02/21/22	9:30 p	2.1	2.1	2.0	68	-3.2	1.3	NNW	2.41	4.0	WNW	0.8	1.7	0.5	1016.8	0.00	0.0	0.339	0.000	16.5	50	6.0	15.4	9.42	 .0757	670	3	100.0	30
02/21/22	10:00 p	1.9	2.0	1.9	68	-3.4	0.4	NNW	0.80	3.6	WSW	1.9	1.6	1.6	1017.7	0.00	0.0	0.343	0.000	16.4	48	5.4	15.3	9.09	 .0758	667	3	100.0	30
02/21/22	10:30 p	0.7	1.9	0.7	83	-1.9	0.9	N	1.61	3.6	SSE	0.2	0.5	0.0	1018.3	0.00	0.0	0.368	0.000	16.7	48	5.6	15.5	9.07	 .0758	669	3	100.0	30
02/21/22	11:00 p	-0.1	0.6	-0.1	86	-2.1	0.9	NNW	1.61	3.6	N	-0.6	-0.2	-0.7	1018.3	0.00	0.0	0.383	0.000	16.4	49	5.7	15.3	9.29	 .0758	665	3	100.0	30
02/21/22	11:30 p	0.7	0.7	-0.1	77	-2.9	0.9	WNW	1.61	3.1	WSW	0.2	0.4	-0.1	1018.7	0.00	0.0	0.368	0.000	16.4	49	5.7	15.3	9.29	 .0759	667	3	100.0	30
02/22/22	12:00 a	1.0	1.0	0.7	73	-3.3	1.3	NW	2.41	6.3	WNW	-0.3	0.7	-0.6	1018.8	0.00	0.0	0.361	0.000	16.4	49	5.6	15.3	9.29	 .0759	664	3	100.0	30
02/22/22	12:30 a	1.0	1.1	1.0	72	-3.5	1.3	NNW	2.41	4.0	NNW	-0.3	0.7	-0.6	1019.1	0.00	0.0	0.361	0.000	16.2	49	5.5	15.1	9.30	 .0760	666	3	100.0	30
02/22/22	1:00 a	0.9	1.1	0.9	67	-4.6	1.3	NNW	2.41	4.5	NNW	-0.5	0.6	-0.8	1019.4	0.00	0.0	0.363	0.000	16.2	49	5.4	15.0	9.31	 .0760	664	3	100.0	30
02/22/22	1:30 a	0.8	0.9	0.8	71	-3.8	0.9	NNW	1.61	5.4	W	0.3	0.6	0.1	1019.8	0.00	0.0	0.365	0.000	16.0	49	5.3	14.8	9.32	 .0761	666	3	100.0	30
02/22/22	2:00 a	0.7	0.9	0.7	71	-4.0	0.9	NNW	1.61	3.6	NW	0.2	0.4	-0.1	1020.1	0.00	0.0	0.368	0.000	16.0	49	5.3	14.8	9.32	 .0761	664	3	100.0	30
02/22/22	2:30 a	0.4	0.7	0.4	71	-4.3	0.9	WNW	1.61	3.6	W	-0.2	0.1	-0.4	1020.4	0.00	0.0	0.374	0.000	16.0	49	5.3	14.8	9.32	 .0761	666	3	100.0	30
02/22/22	3:00 a	0.3	0.4	0.3	72	-4.2	0.9	NNW	1.61	4.9	WNW	-0.3	0.0	-0.6	1020.6	0.00	0.0	0.376	0.000	15.9	49	5.2	14.7	9.33	 .0762	667	3	100.0	30
02/22/22	3:30 a	0.2	0.3	0.2	72	-4.2	0.9	NNW	1.61	3.6	WNW	-0.3	-0.1	-0.6	1020.9	0.00	0.0	0.377	0.000	15.9	49	5.2	14.7	9.33	 .0762	668	3	100.0	30
02/22/22	4:00 a	0.1	0.2	0.1	71	-4.6	1.3	NNW	2.41	4.0	NNW	-1.4	-0.2	-1.7	1021.0	0.00	0.0	0.381	0.000	15.9	49	5.2	14.7	9.33	 .0762	666	3	100.0	30
02/22/22	4:30 a	0.0	0.1	0.0	73	-4.3	0.9	NW	1.61	3.6	WNW	-0.6	-0.2	-0.8	1021.7	0.00	0.0	0.382	0.000	15.8	48	4.8	14.6	9.13	 .0763	665	3	100.0	30
02/22/22	5:00 a	0.1	0.1	0.0	70	-4.8	0.9	NW	1.61	4.0	NW	-0.5	-0.2	-0.8	1022.1	0.00	0.0	0.381	0.000	15.9	48	4.9	14.7	9.13	 .0763	666	3	100.0	30
02/22/22	5:30 a	0.1	0.1	0.1	70	-4.8	0.9	NW	1.61	3.1	W	-0.5	-0.2	-0.8	1022.3	0.00	0.0	0.381	0.000	15.8	48	4.8	14.7	9.13	 .0763	663	3	100.0	30
02/22/22	6:00 a	0.0	0.1	0.0	73	-4.3	0.4	N	0.80	2.2	WNW	0.0	-0.2	-0.2	1022.7	0.00	0.0	0.382	0.000	15.8	48	4.8	14.6	9.13	 .0764	665	3	100.0	30
02/22/22	6:30 a	-0.2	0.0	-0.2	74	-4.2	0.4	NW	0.80	1.8	N	-0.2	-0.4	-0.4	1023.0	0.00	0.0	0.385	0.000	15.8	48	4.8	14.7	9.13	 .0764	664	3	100.0	30
02/22/22	7:00 a	-0.3	-0.2	-0.3	77	-3.8	0.4	NW	0.80	2.7	ESE	-0.3	-0.5	-0.5	1023.3	0.00	0.0	0.388	0.000	15.9	48	4.9	14.7	9.13	 .0764	665	3	100.0	30
02/22/22	7:30 a	-0.4	-0.3	-0.4	79	-3.6	0.4	N	0.80	2.7	SSE	-0.4	-0.6	-0.6	1023.7	0.00	0.0	0.390	0.000	15.8	48	4.8	14.6	9.13	 .0764	665	3	100.0	30
02/22/22	8:00 a	-0.3	-0.3	-0.4	80	-3.4	0.4	N	0.80	1.8	NNE	-0.3	-0.5	-0.5	1024.3	0.00	0.0	0.389	0.000	15.9	47	4.6	14.7	8.94	 .0765	663	3	100.0	30
02/22/22	8:30 a	-0.4	-0.3	-0.4	83	-2.9	0.4	NNW	0.80	1.8	NE	-0.4	-0.5	-0.5	1024.7	0.00	0.0	0.390	0.000	16.0	48	5.0	14.8	9.12	 .0765	667	3	100.0	30
02/22/22	9:00 a	-0.5	-0.4	-0.5	83	-3.0	0.4	NNE	0.80	3.6	NNW	-0.5	-0.6	-0.6	1025.2	0.00	0.0	0.392	0.000	16.4	48	5.4	15.3	9.09	 .0764	665	3	100.0	30
02/22/22	9:30 a	-0.2	-0.2	-0.5	82	-2.9	0.4	NNW	0.80	1.8	NNW	-0.2	-0.4	-0.4	1025.4	0.00	0.0	0.387	0.000	16.2	48	5.2	15.1	9.10	 .0764	664	3	100.0	30
02/22/22	10:00 a	0.3	0.3	-0.3	79	-2.9	0.4	NNW	0.80	3.6	NNE	0.3	0.1	0.1	1025.6	0.00	0.0	0.376	0.000	16.4	48	5.3	15.2	9.09	 .0764	667	3	100.0	30
02/22/22	10:30 a	0.7	0.7	0.3	77	-2.9	0.4	NNE	0.80	3.1	NW	0.7	0.4	0.4	1025.8	0.00	0.0	0.368	0.000	16.4	48	5.3	15.2	9.09	 .0764	661	3	100.0	30
02/22/22	11:00 a	0.6	0.8	0.6	77	-3.0	0.4	NW	0.80	2.7	W	0.6	0.3	0.3	1026.2	0.00	0.0	0.370	0.000	16.4	47	5.0	15.2	8.92	 .0765	664	3	100.0	30
02/22/22	11:30 a	0.8	0.8	0.6	78	-2.6	0.9	NNW	1.61	3.1	W	0.3	0.6	0.1	1026.5	0.00	0.0	0.365	0.000	16.3	48	5.3	15.2	9.09	 .0765	662	3	100.0	30
02/22/22	12:00 p	1.2	1.2	0.8	75	-2.8	0.9	NW	1.61	4.0	NW	0.7	0.9	0.4	1026.7	0.00	0.0	0.358	0.000	16.1	48	5.0	14.9	9.11	 .0766	663	3	100.0	30
02/22/22	12:30 p	1.3	1.7	1.2	71	-3.4	0.9	NW	1.61	4.0	SSE	0.8	1.0	0.6	1026.8	0.00	0.0	0.355	0.000	16.0	48	5.0	14.8	9.12	 .0766	660	3	100.0	30
02/22/22	1:00 p	1.2	1.3	1.1	73	-3.1	0.9	WNW	1.61	3.6	W	0.7	0.9	0.4	1026.8	0.00	0.0	0.358	0.000	15.9	48	4.9	14.7	9.13	 .0766	667	3	100.0	30
02/22/22	1:30 p	1.7	1.7	1.2	69	-3.4	0.9	NNW	1.61	4.5	NNE	1.3	1.4	1.1	1026.7	0.25	0.0	0.346	0.000	15.8	48	4.8	14.7	9.13	 .0767	662	3	100.0	30
02/22/22	2:00 p	1.5	1.7	1.5	70	-3.4	0.9	NNW	1.61	3.6	ENE	1.1	1.2	0.8	1026.8	0.25	0.0	0.351	0.000	16.2	47	4.8	14.9	8.93	 .0766	657	3	100.0	30
02/22/22	2:30 p	1.4	1.8	1.4	65	-4.4	1.3	N	2.41	4.9	WNW	0.2	1.1	-0.2	1027.2	0.00	0.0	0.352	0.000	16.2	46	4.5	14.9	8.81	 .0766	666	3	100.0	30
02/22/22	3:00 p	1.2	1.4	1.2	64	-4.9	0.9	NNW	1.61	4.9	ENE	0.7	0.8	0.4	1027.4	0.25	0.0	0.358	0.000	16.3	46	4.7	15.1	8.79	 .0766	662	3	100.0	30
02/22/22	3:30 p	1.2	1.2	1.1	61	-5.5	0.9	NW	1.61	4.0	WSW	0.7	0.8	0.3	1027.7	0.00	0.0	0.358	0.000	16.5	47	5.1	15.3	8.92	 .0765	667	3	100.0	30
02/22/22	4:00 p	1.1	1.2	1.1	59	-6.0	0.9	NW	1.61	4.0	NNW	0.7	0.7	0.3	1028.0	0.00	0.0	0.359	0.000	17.9	45	5.8	16.7	8.57	 .0762	661	3	100.0	30
02/22/22	4:30 p	0.9	1.1	0.9	61	-5.7	0.9	NNW	1.61	4.0	SE	0.4	0.6	0.1	1028.2	0.00	0.0	0.362	0.000	17.9	44	5.5	16.6	8.38	 .0762	665	3	100.0	30
02/22/22	5:00 p	1.1	1.1	0.9	59	-6.0	0.9	NW	1.61	4.0	N	0.7	0.7	0.3	1028.4	0.00	0.0	0.359	0.000	17.7	44	5.3	16.4	8.40	 .0763	667	3	100.0	30
02/22/22	5:30 p	0.8	1.1	0.8	59	-6.3	0.9	N	1.61	3.6	N	0.3	0.4	-0.1	1028.6	0.00	0.0	0.365	0.000	17.6	44	5.2	16.3	8.40	 .0763	668	3	100.0	30
02/22/22	6:00 p	0.6	0.8	0.6	59	-6.5	0.9	NW	1.61	3.1	WSW	0.1	0.2	-0.3	1028.8	0.00	0.0	0.370	0.000	17.4	44	5.0	16.1	8.42	 .0764	667	3	100.0	30
02/22/22	6:30 p	0.4	0.6	0.4	58	-6.9	0.4	NW	0.80	2.7	N	0.4	0.0	0.0	1029.1	0.00	0.0	0.374	0.000	17.5	45	5.4	16.3	8.58	 .0764	668	3	100.0	30
02/22/22	7:00 p	0.3	0.4	0.2	58	-7.0	0.4	NW	0.80	2.2	ENE	0.3	-0.1	-0.1	1029.2	0.00	0.0	0.376	0.000	17.6	45	5.5	16.3	8.58	 .0764	662	3	100.0	30
02/22/22	7:30 p	0.0	0.2	0.0	60	-6.8	0.9	WNW	1.61	2.2	WNW	-0.6	-0.4	-0.9	1029.3	0.00	0.0	0.382	0.000	17.6	44	5.2	16.3	8.41	 .0764	664	3	100.0	30
02/22/22	8:00 p	-0.4	0.0	-0.4	63	-6.6	0.4	NW	0.80	1.8	N	-0.4	-0.8	-0.8	1029.7	0.00	0.0	0.391	0.000	17.2	46	5.4	15.9	8.73	 .0765	665	3	100.0	30
02/22/22	8:30 p	-0.7	-0.4	-0.7	62	-7.1	0.4	NNW	0.80	1.8	WSW	-0.7	-1.1	-1.1	1029.7	0.00	0.0	0.397	0.000	17.0	46	5.3	15.8	8.75	 .0766	667	3	100.0	30
02/22/22	9:00 p	-0.6	-0.6	-0.7	63	-6.8	0.4	WNW	0.80	1.8	WNW	-0.6	-0.9	-0.9	1030.0	0.00	0.0	0.395	0.000	17.2	47	5.8	16.0	8.89	 .0765	667	3	100.0	30
02/22/22	9:30 p	-0.6	-0.5	-0.6	65	-6.3	0.0	NE	0.00	1.3	NE	-0.6	-0.9	-0.9	1030.4	0.00	0.0	0.394	0.000	16.9	46	5.2	15.7	8.75	 .0766	666	3	100.0	30
02/22/22	10:00 p	-0.3	-0.3	-0.6	63	-6.5	0.0	ENE	0.00	1.8	NE	-0.3	-0.6	-0.6	1030.7	0.00	0.0	0.388	0.000	16.9	46	5.2	15.7	8.75	 .0766	664	3	100.0	30
02/22/22	10:30 p	-0.6	-0.3	-0.6	64	-6.5	0.0	ENE	0.00	0.4	ENE	-0.6	-0.9	-0.9	1031.1	0.00	0.0	0.394	0.000	16.9	46	5.2	15.7	8.75	 .0767	665	3	100.0	30
02/22/22	11:00 p	-0.5	-0.5	-0.6	66	-6.1	0.0	ENE	0.00	0.9	ENE	-0.5	-0.8	-0.8	1031.2	0.00	0.0	0.392	0.000	16.7	46	5.0	15.5	8.77	 .0768	669	3	100.0	30
02/22/22	11:30 p	-0.9	-0.5	-0.9	68	-6.1	0.0	SSE	0.00	1.3	SSW	-0.9	-1.2	-1.2	1031.1	0.00	0.0	0.402	0.000	16.8	46	5.1	15.6	8.76	 .0767	665	3	100.0	30
02/23/22	12:00 a	-1.3	-0.9	-1.3	64	-7.2	0.0	SE	0.00	0.9	SE	-1.3	-1.6	-1.6	1031.0	0.00	0.0	0.409	0.000	16.8	45	4.8	15.5	8.61	 .0767	664	3	100.0	30
02/23/22	12:30 a	-1.9	-1.3	-1.9	65	-7.7	0.0	SE	0.00	0.4	SE	-1.9	-2.2	-2.2	1031.2	0.00	0.0	0.422	0.000	16.7	45	4.7	15.4	8.61	 .0768	666	3	100.0	30
02/23/22	1:00 a	-2.6	-1.9	-2.6	69	-7.5	0.0	SE	0.00	0.4	SE	-2.6	-2.8	-2.8	1031.3	0.00	0.0	0.436	0.000	16.7	45	4.7	15.4	8.61	 .0768	668	3	100.0	30
02/23/22	1:30 a	-2.8	-2.6	-2.9	71	-7.4	0.0	SE	0.00	0.9	SE	-2.8	-3.1	-3.1	1031.5	0.00	0.0	0.441	0.000	16.9	45	4.9	15.6	8.60	 .0767	670	3	100.0	30
02/23/22	2:00 a	-3.1	-2.8	-3.1	70	-7.8	0.0	SE	0.00	0.4	SE	-3.1	-3.3	-3.3	1031.6	0.00	0.0	0.447	0.000	16.7	44	4.4	15.4	8.47	 .0768	666	3	100.0	30
02/23/22	2:30 a	-3.4	-3.1	-3.4	70	-8.1	0.0	SE	0.00	0.4	SE	-3.4	-3.7	-3.7	1031.5	0.00	0.0	0.454	0.000	16.8	44	4.4	15.4	8.46	 .0768	666	3	100.0	30
02/23/22	3:00 a	-3.3	-3.3	-3.4	72	-7.7	0.0	SE	0.00	0.9	SE	-3.3	-3.6	-3.6	1031.6	0.00	0.0	0.451	0.000	16.7	44	4.4	15.4	8.47	 .0768	665	3	100.0	30
02/23/22	3:30 a	-3.8	-3.3	-3.8	73	-7.9	0.0	SE	0.00	0.4	SE	-3.8	-4.0	-4.0	1031.7	0.00	0.0	0.461	0.000	16.6	44	4.3	15.3	8.47	 .0769	666	3	100.0	30
02/23/22	4:00 a	-4.2	-3.8	-4.2	74	-8.2	0.0	SE	0.00	0.4	SE	-4.2	-4.4	-4.4	1031.7	0.00	0.0	0.470	0.000	16.7	43	4.1	15.3	8.31	 .0768	666	3	100.0	30
02/23/22	4:30 a	-4.3	-4.2	-4.3	76	-7.9	0.0	---	0.00	0.0	---	-4.3	-4.5	-4.5	1031.6	0.00	0.0	0.472	0.000	16.7	43	4.0	15.3	8.31	 .0768	668	3	100.0	30
02/23/22	5:00 a	-4.4	-4.3	-4.4	76	-8.0	0.0	SE	0.00	0.9	SE	-4.4	-4.6	-4.6	1031.7	0.00	0.0	0.473	0.000	16.6	43	3.9	15.2	8.31	 .0769	659	3	100.0	30
02/23/22	5:30 a	-4.5	-4.4	-4.5	75	-8.3	0.0	SE	0.00	0.9	ESE	-4.5	-4.7	-4.7	1031.7	0.00	0.0	0.476	0.000	16.6	43	4.0	15.2	8.31	 .0769	661	3	100.0	30
02/23/22	6:00 a	-4.4	-4.4	-4.6	73	-8.5	0.0	ESE	0.00	0.9	ESE	-4.4	-4.6	-4.6	1031.5	0.00	0.0	0.473	0.000	16.5	43	3.9	15.1	8.32	 .0769	664	3	100.0	30
02/23/22	6:30 a	-4.4	-4.3	-4.4	72	-8.7	0.0	ESE	0.00	0.9	ESE	-4.4	-4.6	-4.6	1031.6	0.00	0.0	0.473	0.000	16.6	42	3.6	15.2	8.15	 .0769	667	3	100.0	30
02/23/22	7:00 a	-4.7	-4.3	-4.7	73	-8.8	0.0	ESE	0.00	0.4	ESE	-4.7	-4.8	-4.8	1031.6	0.00	0.0	0.479	0.000	16.5	42	3.5	15.1	8.15	 .0769	668	3	100.0	30
02/23/22	7:30 a	-4.8	-4.7	-4.8	75	-8.5	0.0	ESE	0.00	0.4	ESE	-4.8	-4.9	-4.9	1032.0	0.00	0.0	0.481	0.000	16.6	42	3.6	15.2	8.15	 .0769	666	3	100.0	30
02/23/22	8:00 a	-4.1	-4.1	-4.8	73	-8.2	0.0	ESE	0.00	0.9	ESE	-4.1	-4.2	-4.2	1032.0	0.00	0.0	0.466	0.000	16.6	42	3.6	15.2	8.15	 .0769	661	3	100.0	30
02/23/22	8:30 a	-2.9	-2.9	-4.1	69	-7.8	0.0	ESE	0.00	1.8	SSE	-2.9	-3.2	-3.2	1032.1	0.00	0.0	0.443	0.000	16.8	42	3.8	15.4	8.15	 .0768	665	3	100.0	30
02/23/22	9:00 a	-0.1	-0.1	-2.9	58	-7.3	0.4	SE	0.80	1.8	SSE	-0.1	-0.4	-0.4	1032.4	0.00	0.0	0.383	0.000	16.8	42	3.8	15.4	8.15	 .0769	665	3	100.0	30
02/23/22	9:30 a	1.2	1.2	-0.1	54	-7.1	0.0	SE	0.00	0.9	SE	1.2	0.7	0.7	1032.5	0.00	0.0	0.358	0.000	16.9	39	2.8	15.3	7.70	 .0769	667	3	100.0	30
02/23/22	10:00 a	1.8	1.8	1.2	47	-8.3	0.4	ESE	0.80	1.8	SSE	1.8	1.3	1.3	1032.0	0.00	0.0	0.344	0.000	17.4	37	2.5	15.7	7.35	 .0767	665	3	100.0	30
02/23/22	10:30 a	2.7	2.7	1.8	47	-7.5	0.4	SSE	0.80	1.8	SSE	2.7	2.1	2.1	1032.3	0.00	0.0	0.326	0.000	17.2	38	2.8	15.6	7.55	 .0768	661	3	100.0	30
02/23/22	11:00 a	3.0	3.2	2.7	41	-9.0	0.4	SE	0.80	2.2	S	3.0	2.3	2.3	1031.9	0.00	0.0	0.319	0.000	17.3	37	2.5	15.7	7.35	 .0768	663	3	100.0	30
02/23/22	11:30 a	2.7	3.2	2.7	41	-9.3	0.4	SE	0.80	2.7	E	2.7	2.0	2.0	1031.8	0.25	0.0	0.326	0.000	17.1	36	1.9	15.4	7.19	 .0768	666	3	100.0	30
02/23/22	12:00 p	2.9	3.1	2.7	38	-10.0	0.4	E	0.80	1.8	ENE	2.9	2.2	2.2	1031.5	0.00	0.0	0.321	0.000	17.3	36	2.1	15.6	7.19	 .0767	668	3	100.0	30
02/23/22	12:30 p	1.9	2.9	1.9	40	-10.3	0.4	ESE	0.80	1.8	ESE	1.9	1.3	1.3	1031.0	0.00	0.0	0.343	0.000	17.5	41	4.1	16.1	7.98	 .0766	665	3	100.0	30
02/23/22	1:00 p	1.7	1.9	1.6	43	-9.5	0.4	E	0.80	2.7	E	1.7	1.1	1.1	1030.7	0.00	0.0	0.346	0.000	17.3	38	2.8	15.7	7.55	 .0767	664	3	100.0	30
02/23/22	1:30 p	1.8	1.8	1.7	42	-9.7	0.4	SE	0.80	1.8	SSE	1.8	1.2	1.2	1030.5	0.00	0.0	0.344	0.000	17.2	38	2.7	15.6	7.55	 .0767	663	3	100.0	30
02/23/22	2:00 p	2.7	2.7	1.8	41	-9.2	0.4	SSE	0.80	2.2	SSE	2.7	2.1	2.1	1030.2	0.00	0.0	0.325	0.000	17.1	39	3.0	15.5	7.70	 .0767	666	3	100.0	30
02/23/22	2:30 p	3.3	3.3	2.7	38	-9.7	0.4	SSE	0.80	1.8	SSE	3.3	2.6	2.6	1030.0	0.00	0.0	0.314	0.000	17.1	39	3.0	15.6	7.71	 .0766	662	3	100.0	30
02/23/22	3:00 p	3.2	3.3	3.1	41	-8.8	0.4	NW	0.80	1.8	N	3.2	2.6	2.6	1029.9	0.00	0.0	0.315	0.000	17.3	39	3.2	15.7	7.71	 .0766	663	3	100.0	30
02/23/22	3:30 p	3.0	3.2	3.0	43	-8.4	0.0	N	0.00	1.3	WNW	3.0	2.4	2.4	1029.7	0.00	0.0	0.319	0.000	17.3	39	3.2	15.8	7.71	 .0766	666	3	100.0	30
02/23/22	4:00 p	3.1	3.1	3.0	43	-8.3	0.0	NNW	0.00	0.9	NNW	3.1	2.5	2.5	1029.5	0.00	0.0	0.317	0.000	17.3	39	3.2	15.8	7.71	 .0765	667	3	100.0	30
02/23/22	4:30 p	3.3	3.3	3.1	42	-8.4	0.0	ENE	0.00	0.9	N	3.3	2.6	2.6	1029.2	0.00	0.0	0.314	0.000	17.4	38	3.0	15.8	7.55	 .0765	666	3	100.0	30
02/23/22	5:00 p	3.1	3.3	3.1	43	-8.3	0.0	ENE	0.00	0.4	ENE	3.1	2.4	2.4	1029.1	0.00	0.0	0.318	0.000	17.3	38	2.9	15.7	7.55	 .0765	666	3	100.0	30
02/23/22	5:30 p	2.7	3.1	2.7	43	-8.6	0.0	SSW	0.00	0.4	SSW	2.7	2.1	2.1	1029.1	0.00	0.0	0.325	0.000	17.4	38	3.0	15.8	7.55	 .0765	665	3	100.0	30
02/23/22	6:00 p	2.1	2.7	2.1	46	-8.3	0.0	SSW	0.00	0.4	SSW	2.1	1.5	1.5	1028.7	0.00	0.0	0.338	0.000	17.6	37	2.7	15.9	7.35	 .0764	661	3	100.0	30
02/23/22	6:30 p	1.6	2.1	1.6	49	-8.0	0.0	---	0.00	0.0	---	1.6	1.1	1.1	1028.8	0.00	0.0	0.350	0.000	17.7	36	2.4	15.9	7.17	 .0764	661	3	100.0	30
02/23/22	7:00 p	1.2	1.6	1.2	53	-7.3	0.0	---	0.00	0.0	---	1.2	0.8	0.8	1028.6	0.00	0.0	0.356	0.000	17.6	35	2.0	15.8	7.05	 .0764	667	3	100.0	30
02/23/22	7:30 p	1.3	1.3	1.2	52	-7.5	0.0	---	0.00	0.0	---	1.3	0.8	0.8	1028.2	0.00	0.0	0.355	0.000	17.7	36	2.4	16.0	7.17	 .0764	668	3	100.0	30
02/23/22	8:00 p	0.9	1.3	0.9	54	-7.3	0.0	---	0.00	0.0	---	0.9	0.5	0.5	1027.9	0.00	0.0	0.362	0.000	17.7	34	1.6	15.8	6.87	 .0764	667	3	100.0	30
02/23/22	8:30 p	0.8	0.9	0.8	53	-7.7	0.0	---	0.00	0.0	---	0.8	0.4	0.4	1027.9	0.00	0.0	0.365	0.000	17.8	35	2.1	16.0	7.05	 .0763	666	3	100.0	30
02/23/22	9:00 p	0.9	0.9	0.8	54	-7.3	0.0	---	0.00	0.0	---	0.9	0.5	0.5	1027.6	0.00	0.0	0.362	0.000	17.8	35	2.1	16.0	7.05	 .0763	666	3	100.0	30
02/23/22	9:30 p	1.1	1.1	0.9	53	-7.5	0.0	---	0.00	0.0	---	1.1	0.6	0.6	1027.7	0.00	0.0	0.360	0.000	17.7	35	2.1	15.9	7.05	 .0763	665	3	100.0	30
02/23/22	10:00 p	1.1	1.1	1.1	49	-8.4	0.0	SSW	0.00	0.4	SSW	1.1	0.6	0.6	1027.8	0.00	0.0	0.359	0.000	17.6	35	2.0	15.8	7.05	 .0764	664	3	100.0	30
